4150
1403
1014
1800
6046
3651
2654
1000010
1232
1027
1027
1008
6963
1000020
6563
7974
6570
7061
6270
6369
7461
6669
1000030
2664
6476
2464
6166
6973
2473
7066
6465
1000040
6664
7563
6563
7464
7424
7865
5074
1341
1000050
1404
1008
4600
5160
1036
1000060
1
4300
6466
6966
1000070
7567
6172
6974
6466
3273
7326
6174
7574
1000080
6273
7261
5026
1341
1404
1808
4600
1000090
5160
1036
1200
2700
4300
6466
6966
7567
6172
6974
6466
1000010
3273
6126
6363
6265
7265
7461
7266
6326
1000020
7275
6572
7464
7824
6263
1003
4150
1403
1000030
1014
1800
6046
3651
1000040
1018
6643
6664
6769
1000060
7275
7461
6669
7364
2632
6266
6166
6574
1000100
2672
4150
1403
1014
1800
6046
3651
1000110
101
1000120
6643
6664
6769
7275
7461
6669
7364
2632
1000130
6670
7570
6370
6465
2675
4150
1403
1014
1000140
1800
6046
3651
1000150
1012
6643
6664
6769
7275
1000160
7461
6669
7364
2632
7270
6766
6572
7373
1000170
6162
2672
4150
1403
1014
1800
6046
1000180
3651
101
1000190
6643
6664
6769
7275
7461
6669
7364
10001
2632
6674
6266
6170
6564
2662
4150
1403
1000110
1014
1800
6046
3651
1000120
1018
6643
6664
6769
1000130
7275
7461
6669
7364
2632
6563
7564
6162
1000140
2672
4150
1403
1014
1800
6046
3651
1000160
1018
1000200
6643
6664
6769
7275
7461
6669
7364
2632
1000210
6674
6266
6162
2672
4150
1403
1014
1800
1000220
6046
3651
1000230
1016
6643
6664
6769
7275
7461
1000240
6669
7364
2632
6369
6761
7365
4226
7469
1000250
6163
7370
5026
1341
1404
1800
1808
4600
1000260
5160
1036
1200
1000270
6200
7961
7566
2374
6163
6863
6365
1000280
6064
2864
6710
6060
4008
6064
3160
3180
1000290
8142
1002
4150
1807
8232
7
19
1015
10002
1011
4150
1403
1014
1808
1008
6046
1000210
3651
1001
1000220
6663
7464
6465
2474
6378
4362
2353
1000230
3172
1646
3634
48
7
3242
294
8115
4824
1000240
1251
5899
3373
2424
8943
1842
1922
2172
1000260
5491
6813
2352
6802
1
12
1410
5222
3719
1000300
4618
6601
2
95
5322
7778
3121
2681
2792
1000310
4719
1374
2820
1411
4
20
1244
1121
4087
1000320
9366
4734
1631
1033
6636
1943
9041
1633
1000330
2448
8712
1323
6333
4611
2259
3446
6164
1000340
4541
9761
7426
8641
6607
1965
4298
2518
1000350
1646
2210
7997
61
1
2609
6684
1813
2943
1000360
6491
3873
128
2466
44
8
4472
9751
5129
1000370
8368
2684
7212
834
7132
36
4
6632
9864
1000380
1538
187
4524
2131
1631
1441
1426
6341
1000390
1849
2
64
73
1479
3013
4418
4260
4201
10003
1623
8896
831
526
4263
7004
6533
2869
1000310
5126
4471
6670
1066
1275
6486
33
8
4389
1000320
1318
3167
9822
2276
7041
5138
15
3
5621
1000330
2631
1286
6547
312
7304
2418
3126
3166
1000340
4442
5373
3216
641
3661
4932
4454
5984
1000360
9150
3435
57
4
2
4
626
1115
3671
60
3
1000400
7583
8342
383
9350
2597
1731
8141
6617
1000410
2797
341
932
2990
4774
3429
36
1494
1000420
1024
1810
3775
1422
241
1212
3744
634
1000430
5344
2614
2884
2548
5
11
1541
1319
7764
1000440
3
7
4196
4313
3315
8043
2287
7528
3617
1000450
1776
63
8
1215
4417
62
3641
1313
1233
1000460
8676
2330
8680
9082
1315
137
5233
9674
1000470
4576
6634
6461
2860
613
5324
4674
7737
1000480
1836
4327
234
1338
10
772
483
2204
1000490
4117
3058
5266
6036
1482
157
2763
41
1
10004
154
1631
5346
81
7
663
42
6444
131
1000410
16
2678
6719
1661
4296
7
41
1232
31
1000420
1153
2452
5292
8
41
3914
3876
2619
8402
1000430
131
1204
7021
3025
2003
6221
6951
1264
1000440
1243
6332
337
2021
3384
3219
2543
1045
1000460
42
4
187
7078
262
6383
1
16
3004
397
1000500
254
1857
5712
1202
1185
2465
1124
1606
1000510
1291
4019
124
4
3
2067
6
9
3352
3801
1000520
8051
7496
1422
3730
4201
1149
5
14
1907
1000530
3517
281
2531
1981
5378
4263
6623
2238
1000540
4472
4721
1
3
616
7489
2446
6232
8513
1000550
3834
324
7011
1622
3301
7797
1973
9493
1000560
1751
2729
1734
1362
1147
14
7
4979
6071
1000570
824
3332
6632
451
1614
345
8029
4741
1000580
5486
5163
1
93
6234
2242
8135
3312
8113
1000590
792
1165
1033
1443
8123
5431
7082
91
4
10005
114
1288
3684
2
49
8152
6296
6270
633
1000510
1322
8118
7261
4
81
120
1619
2679
1542
1000520
4841
9723
26
2310
3623
3235
8558
1585
1000530
2
72
4726
3063
1602
4675
3
41
30
8
237
1000540
2873
521
1321
4720
3640
72
4
9793
3631
1000560
6938
7400
917
7710
6602
2241
2951
6281
1000600
35
5314
674
4834
4053
4156
6450
7
14
1000610
1969
7973
2261
3233
5416
3062
16
6
3657
1000620
4326
4081
5170
46
3
414
3384
36
6
92
2
1000630
1512
4173
9890
9028
9119
6830
2065
1558
1000640
4
36
9143
3052
72
9
3902
1
71
1285
8633
1000650
865
79
146
5264
67
2
5919
95
2
4991
1000660
8033
1344
964
1344
1260
3733
6065
1614
1000670
1332
6069
6217
8189
8641
6406
1595
1721
1000680
9995
9508
1931
4134
7053
1681
2263
3585
1000690
8332
2864
8927
2121
8121
6379
4011
3044
10006
84
1
1122
8358
9454
4350
1158
1322
2336
1000610
9053
61
3
1651
9
98
4
37
1294
1385
1694
1000620
3424
8225
4646
36
1768
1351
3245
1342
1000630
7911
6436
8401
1480
3943
1362
2535
4344
1000640
1674
6238
454
9693
651
7912
9413
6263
1000660
2258
1232
5476
1
33
148
326
4174
5
22
1000700
1923
7134
5293
126
27
49
1
6673
4917
1000710
7
63
6940
9962
7431
4635
3756
3216
2356
1000720
1965
6314
7301
3249
9732
1418
7112
521
1000730
2354
1324
7434
5324
5316
2614
4404
4473
1000740
3123
1
2131
5342
8967
1912
414
6760
1000750
2267
281
28
2
5321
5644
1395
13
9
156
1000760
239
9635
662
344
6662
13
2
647
3
91
1000770
1398
4486
43
8
315
5899
6191
7363
3621
1000780
3736
3663
6899
2673
36
5768
1402
3165
1000790
656
7370
1431
6036
7631
5166
1161
277
10007
115
1647
353
1135
4346
2216
4613
6
45
1000710
4434
591
9412
7175
5218
6044
354
1364
1000720
4328
2153
9777
5306
1944
9104
6100
4311
1000730
4193
7230
551
4086
601
1391
9913
2809
1000740
7246
6626
1198
2511
7
4
3622
8222
14
5
1000760
607
3101
863
1933
2456
1
68
436
9965
1000800
5914
1264
4994
2746
6426
9446
6661
6521
1000810
2166
8663
1101
5919
6231
6433
676
3990
1000820
3830
2031
1139
3436
3031
139
4811
2535
1000830
6642
1
5
5865
1932
4227
1633
6011
1371
1000840
3202
227
3344
6163
8114
1003
5918
7229
1000850
1633
4667
7811
2586
5806
232
1
82
8114
1000860
7183
3422
1717
5711
361
6221
47
4
4444
1000870
2233
1146
1839
9191
135
2337
7872
2886
1000880
4471
4536
4664
5563
9139
2841
16
7
2664
1000890
31
6
6736
3376
8444
13
1
3674
6331
1177
10008
2133
5225
3238
7626
48
66
6401
8625
1000810
1
53
6
44
1321
22
4
1149
649
971
4161
1000820
1516
6466
18
5
5246
1219
6020
6449
3263
1000830
2121
2328
1265
7326
4
30
5633
124
6529
1000840
9311
3224
9806
6664
6420
7766
4413
2777
1000860
4320
2406
72
6648
5743
37
5727
4262
1000900
9658
2764
6570
6842
828
9832
3705
4120
1000910
1
63
7513
4572
4
84
18
4
116
432
1395
1000920
4397
7179
7416
1217
7213
7082
1257
3363
1000930
2016
9531
7396
1364
6163
2527
3203
893
1000940
3
86
2923
2902
126
2104
1127
33
3
2189
1000950
2456
55
1246
1703
1419
518
2749
8
22
1000960
2964
2092
3646
1277
6623
4212
1310
4216
1000970
3321
5211
4981
1766
7988
4681
455
3414
1000980
3944
6
52
4304
1102
1485
1867
46
4
2267
1000990
7081
5
4
3591
9454
1438
3684
616
35
3
10009
3421
4298
6638
66
2
5913
1010
4491
8562
1000910
4264
8956
9
18
1461
1214
3914
9
42
7071
1000920
1134
1334
8415
1947
6674
4412
4133
9294
1000930
6468
1273
4424
3342
8944
6746
8592
3911
1000940
6472
6314
6964
9213
42
3
99
6
4618
2983
1000960
8521
9010
2286
9140
8441
7599
6142
7919
942
3560
444
2413
93
3537
7417
7636
10
4343
3288
6032
664
2612
7420
3821
6431
20
6933
3213
1626
802
3278
4243
654
7442
30
3221
4444
1299
1689
22
4
2196
8648
1641
40
9312
4634
3617
63
6
3037
3917
4600
26
4
50
18
4
2447
1084
8531
7454
2291
6740
9319
60
9361
2893
288
1013
5
63
8102
4880
7334
70
3667
2026
3811
1413
2491
1356
8913
7347
80
2924
1362
4397
6494
1422
3191
3116
8452
90
2662
3901
4425
2276
2106
2176
3026
3931
5444
3474
1926
1104
302
4243
2144
2213
10
41
1
2667
1423
1239
9834
2183
7044
36
7
20
1633
416
5204
7352
162
1211
5988
6327
30
4154
5040
1542
8047
2063
6242
6281
1106
40
7801
84
5
1939
7642
1026
6320
1366
3836
60
3763
6622
1153
4938
6247
817
6117
1436
1000100
6654
1873
3236
9811
1343
977
4613
2211
1000110
1278
109
1577
8403
1764
88
6
1221
4208
1000120
1332
1142
6427
1784
3438
264
2549
1111
1000130
9266
2721
1324
4
74
6020
17
1
6626
1154
1000140
9036
4240
1264
8130
6676
2762
5
48
2615
1000150
8156
346
3565
9664
5446
4281
9956
2369
1000160
1475
70
8
9726
1530
3195
1034
356
4246
1000170
4874
1918
1737
1929
1095
5135
3593
9348
1000180
2045
3344
6678
8542
1655
1110
16
3
4266
1000190
2869
156
19
1
2245
3196
1539
9861
2222
10001
9862
6218
3364
438
9938
2421
1720
9394
1000110
6223
1041
6032
7032
1029
4244
14
2
2390
1000120
6626
1237
3733
6434
5843
7448
4169
2556
1000130
9241
5490
6261
3943
106
61
6
3429
8262
1000140
3962
4046
2411
496
7391
7686
87
1
3043
1000160
280
743
1261
5663
1289
2204
6226
2616
1000200
2644
1442
9
72
9686
8400
338
4
21
1456
1000210
7262
9995
6
3
9122
8924
5970
29
7
6126
1000220
3659
8041
4112
9102
3182
2856
2061
5821
1000230
6319
4635
6104
6682
6106
1340
1606
5144
1000240
4360
4
2
6
30
9419
7533
1614
3337
1636
1000250
1444
2176
4673
9116
4146
2478
1422
6856
1000260
4395
1067
3616
4
86
8653
1334
5443
3
2
1000270
9709
3203
1642
9341
1347
7
92
5674
6428
1000280
7842
1212
521
23
3
1214
6857
9145
6666
1000290
416
5638
1946
1366
2
39
7896
2830
3866
10002
1831
1034
9543
2546
1191
8246
4264
3147
1000210
4045
9579
434
4441
641
8443
408
1810
1000220
1991
6169
5522
9000
4222
7034
796
1722
1000230
1314
547
1786
6
36
1245
2340
2236
3314
1000240
5
3
284
6915
7517
1400
965
2632
3246
1000260
3840
6340
9
12
1865
63
65
9
1892
2634
1000300
7239
6115
3400
8821
2469
1536
531
8387
1000310
5222
12
440
2234
1435
41
8551
2977
1000320
22
5
7313
241
1619
4631
4451
67
1
2126
1000330
3431
2656
1058
1666
823
4499
1142
6110
1000340
8253
145
9
62
8616
5269
1935
8926
1422
1000350
3871
9866
1192
1407
3
40
1900
7404
4066
1000360
1792
4249
5873
31
4
6652
1076
6717
4644
1000370
1
57
93
9
4646
7
1647
4540
6353
1096
1000380
2253
7246
5746
544
9416
7
21
1346
9
16
1000390
2446
6022
9663
3412
1852
2828
1393
4112
10003
2267
6772
2036
2354
32
5
3243
160
4562
1000310
3133
2442
8936
595
3139
6422
1729
5241
1000320
36
6473
1413
1136
4398
1558
162
95
1000330
59
6
9638
6352
3470
102
1053
8252
9392
1000340
1154
6
96
850
4243
9254
4
81
2376
314
1000360
4060
1919
6086
3326
129
2022
568
4
62
1000400
2803
9164
3912
4468
2864
94
6720
2914
1000410
1313
2160
168
7442
9364
685
1417
150
1000420
6433
6836
1283
68
1
6274
2343
42
4
412
1000430
6452
74
1
1380
7387
1421
4
74
3246
3786
1000440
2062
4214
430
9068
4987
7406
1456
2081
1000450
2583
4
74
2047
1412
3334
3240
10
2
11
1
1000460
6429
1342
2719
4720
2158
60
4
3638
4520
1000470
4903
6
5
7412
6222
4059
2275
3220
122
1000480
6
44
709
3153
5569
1218
209
1396
5533
1000490
1601
11
3
8230
1665
7438
7123
2582
446
10004
3613
2469
1434
2801
5301
5176
1624
2444
1000410
11
3
191
472
9885
4133
2260
3141
3061
1000420
5077
62
7
1116
3205
8106
2482
9362
2669
1000430
2385
2920
4642
135
1330
2243
40
5
8193
1000440
5510
9
4
9
6
443
3318
6674
2354
6082
1000460
8646
4645
64
4
3693
6421
1712
3637
9941
1000600
163
4959
1725
1283
3444
4122
2662
5222
1000610
1688
670
12
8
654
8733
2692
1243
8446
1000620
3844
2481
1160
7272
3930
870
1631
2422
1000630
1926
6
19
3628
651
1503
1146
6116
4387
1000640
1360
3634
6741
91
4
6216
4660
4830
6426
1000650
1
3
19
4432
6974
3641
1164
73
1491
1000660
171
214
184
783
8696
2
95
9450
4508
1000670
2762
8192
1157
6248
8
15
1332
3161
3319
1000680
9124
1668
2222
2524
465
6092
3451
4887
1000690
360
4064
4
71
1252
911
510
1616
3257
10006
7244
7900
6663
6528
7311
3666
24
4
6873
1000610
3489
3643
733
337
7802
7127
6443
5771
1000620
14
1
1447
6
76
4769
3725
9646
4372
6202
1000630
1324
1539
7845
7149
1765
8670
4015
6376
1000640
949
7461
8442
9996
3331
9513
4
45
4729
1000660
1118
1831
8932
1411
3033
4460
1360
667
1001000
4124
2392
4465
3416
2074
703
6537
1364
1001010
9
31
714
16
7
4432
1364
140
6132
6666
1001020
4789
3226
1133
2311
6
93
1
81
2831
82
2
1001030
1212
6441
4315
1162
313
1289
7599
610
1001040
5616
6551
6160
4632
6885
163
8103
665
1001050
2
1
2
36
5
13
3
18
1611
2013
3062
4947
1001060
5619
3296
1671
1761
1638
4361
4960
1530
1001070
4229
4002
3486
3816
1445
1454
6202
564
1001080
2458
9113
2165
9318
2146
2406
1661
6747
1001090
410
1101
90
8
3552
5502
5638
112
7295
10010
26
2
2372
5242
8262
251
7319
6
10
4283
1001010
3297
2431
8489
1100
8679
3
19
657
4675
1001020
48
134
9336
5123
2327
812
8367
21
8
1001030
1
22
960
4504
1122
2482
1906
1428
6283
1001040
4744
8433
9066
63
555
7931
9322
2021
1001060
146
3266
5731
1947
1882
3145
8210
413
1001100
5441
2726
1
40
2016
1732
2162
74
5
5220
1001110
8546
13
8
641
7145
9208
6646
9136
7258
1001120
2374
1174
6787
3162
36
3
1623
3946
426
1001130
2188
9323
1840
3340
6002
3207
2279
1266
1001140
1114
7113
5847
5134
4666
31
4
9
44
9126
1001150
22
5249
6566
6425
3746
4213
3275
1341
1001160
4997
4109
32
9
7326
8845
5124
4818
4166
1001170
3107
38
1503
141
1642
1667
2044
5343
1001180
806
2544
1187
8967
1321
3304
7691
7
52
1001190
6394
83
1
1476
4
3
9164
1469
3363
3873
10011
4132
1157
1314
446
5206
5786
1359
7416
1001110
8022
2926
9524
236
21
5
4408
1
33
7316
1001120
6355
1471
7226
7226
5594
1122
5114
222
1001130
1913
4418
8591
6
29
1298
444
6659
9238
1001140
82
5
5452
4371
1627
3192
2915
7353
1922
1001160
582
1301
6663
534
2112
2382
1122
1726
1001200
6428
19
2324
4
66
9301
18
8
6472
4373
1001210
5608
3144
7231
748
29
3
2436
2347
236
1001220
6981
6899
3975
1536
2461
8
64
4285
1605
1001230
4355
1383
821
3427
1283
198
24
7
8431
1001240
8662
4127
4747
1176
7128
2016
5278
8342
1001250
6
9
1327
5198
123
2130
1021
2261
6221
1001260
6362
8942
4413
4453
4982
519
787
2314
1001270
110
3712
2724
1426
1521
4868
3766
1227
1001280
6548
3594
1111
5
5
4483
1665
5116
9342
1001290
593
1
6941
1342
3672
831
3216
4028
10012
9664
2144
4721
6164
6
42
6283
3707
1288
1001210
9291
1397
31
6
454
4565
1915
68
6223
1001220
6138
222
7
5937
8083
3213
2355
7232
1001230
3
93
3658
1
20
6015
2
12
2422
2
60
6764
1001240
9605
5229
2050
2681
6276
1220
7413
7111
1001260
3322
1895
1222
3908
1500
6144
8161
4623
1001300
6616
4963
9625
7316
6063
3671
6603
2445
1001310
3247
172
8297
2251
2466
4166
8938
4539
1001320
6150
4784
2542
9121
41
8
4675
8434
4366
1001330
9616
1023
2649
2359
5664
1633
9941
1483
1001340
3719
4938
3
55
6347
2446
5779
8
33
6314
1001350
5876
3329
1934
56
6
19
4
3
23
1334
3546
1001360
2370
6636
5908
1
54
3397
2240
1
91
5935
1001370
5092
6227
8
2
6
5543
2698
5732
4314
1001380
3271
5966
41
6
4447
2
6
3
81
5251
1247
1001390
5652
5133
1719
9326
3938
3223
9876
4163
10013
4536
3625
8366
3107
5967
3
63
7
49
274
1001310
6403
777
4237
7623
3735
8713
8083
2431
1001320
52
8
7396
9141
8757
11
4
4421
2234
7292
1001330
1546
3646
1290
3
24
3880
4567
47
1
3356
1001340
426
4668
6578
644
784
4530
8034
6816
1001360
1237
6114
8541
71
6
241
326
3
1
3531
1001400
6147
951
393
754
6
81
4943
1284
2064
1001410
1186
1281
11
6
4813
8121
1750
662
310
1001420
8680
80
5681
6960
1144
3840
2634
2536
1001430
7329
7341
8741
1
36
4634
6098
8570
2
14
1001440
1100
8824
512
3263
7166
8611
4116
3
48
1001450
301
4032
9116
3994
1136
6263
4867
764
1001460
64
3
2369
4942
7576
933
7768
1630
1664
1001470
4150
1807
1723
2181
11
3
7348
1001480
4150
1403
1014
1800
1008
6046
3651
2646
1001490
4602
1064
1214
1002
6163
10014
6964
6566
7473
7224
6664
91
5
4441
3023
1001410
4510
3367
4585
43
4
9269
1103
7492
3541
1001420
8235
1813
4927
1223
4446
4871
7171
8842
1001430
150
1909
1411
6563
9634
1171
1636
7133
1001440
9415
743
4625
8425
4133
3602
6193
3441
1001460
2685
4319
6
61
6853
511
8786
8123
4769
1001500
942
744
610
1054
3263
3981
4813
4851
1001510
3263
9387
2904
9893
4848
8242
2734
1684
1001520
3
12
5630
4
38
5335
6418
8496
6653
5457
1001530
1212
6
2
2434
5350
1947
3684
4223
8047
1001540
3343
1119
90
9
3830
11
6641
3921
2371
1001550
8263
2853
2339
1150
1281
9356
1754
3334
1001560
5360
7
18
5644
4333
7141
5941
5826
2761
1001570
1643
873
3945
2251
1129
7251
2483
4744
1001580
9567
3356
7
36
3723
4142
9924
661
3480
1001590
2322
6761
1432
2355
6360
6
42
1663
4150
10015
1403
1014
1808
1008
6046
3651
1001510
7473
6279
1001520
7365
7824
6263
5343
8446
1643
6611
734
1001530
1430
6814
2881
7766
3437
1366
69
4
13
6
1001540
7770
4433
9044
1186
25
2563
2812
3490
1001560
737
3126
7386
3416
8749
28
4
1251
6164
1001600
4377
3151
1254
6724
9023
6412
3374
6724
1001610
2624
6336
1860
310
9806
8012
7744
124
1001620
7731
383
8862
4416
3181
6347
37
7
2444
1001630
4169
3661
4772
6346
2320
3417
9261
8415
1001640
2118
2668
224
8303
7623
84
1
4477
342
1001650
8251
2058
2364
2214
9642
1771
2624
6491
1001660
6174
366
12
1334
5939
4633
3952
2362
1001670
2361
3
66
4858
3
16
59
2
9163
12
5
3
39
1001680
68
7
1433
3011
4205
4623
3273
6114
1123
1001690
3933
3371
8
12
1611
564
8632
6441
9361
10016
4413
1432
6543
4136
7775
4
33
1
12
1348
1001610
33
6
4669
334
1383
2642
6844
1528
672
1001620
4387
1622
1363
7741
3330
211
5122
6153
1001630
484
5269
294
9866
8636
7106
2514
712
1001640
3458
8866
4587
3403
1234
2631
2114
8195
1001660
8464
4662
8464
1372
43
6561
2703
3493
1001700
1031
762
7112
6191
5302
1335
4841
116
1001710
6862
3710
694
3632
1331
3242
4553
1503
1001720
32
6132
3616
944
8636
7
66
6
7
169
1001730
5312
3343
931
144
2130
2710
2
1
4030
1001740
3066
1303
3617
3708
3
35
4254
161
147
1001750
2514
131
3332
3464
8172
7402
5986
2378
1001760
2
69
16
2
2126
35
4
11
9561
60
824
1001770
107
8406
3444
7804
4363
6361
8339
1466
1001780
9527
9732
6266
124
6826
4164
2846
1152
1001790
4124
710
2
1
1211
8223
81
4
9217
88
2
10017
2709
8082
211
2614
8140
2575
43
4210
1001710
76
817
6175
8338
8835
8867
1636
7652
1001720
8534
2416
7
67
9853
3813
4610
2328
86
4
1001730
9013
6673
93
4246
4771
1663
3690
1639
1001740
239
3716
19
1
1709
1744
5722
3
1
7082
1001760
4
63
4316
1962
8425
6563
1
47
10
3963
1001800
600
2246
7793
3516
753
8263
1221
6197
1001810
4500
6531
312
6133
236
4241
3338
2728
1001820
2414
5421
8031
7212
7931
7891
8681
7018
1001830
611
96
1
4248
1103
5152
4573
1312
9019
1001840
1119
6112
401
342
6
20
351
312
1463
1001850
21
6
5126
3653
2
74
7868
1834
830
562
1001860
20
8
1229
1424
1718
4241
1203
4476
4272
1001870
4719
1063
9231
6874
4724
6610
3154
1229
1001880
8362
5299
3310
897
9671
5802
1483
93
2
1001890
3256
4
2163
7349
3303
63
4
1857
96
4
10018
1637
3623
3101
6518
638
8263
5481
5403
1001810
6254
363
1929
3972
475
13
1923
7462
1001820
35
6
42
6
8917
1189
6126
254
1436
18
1
1001830
4037
8866
6
54
641
1364
9648
44
1
5141
1001840
434
4
39
3422
3073
733
2346
8
28
8197
1001860
6847
6433
1117
3853
2884
2006
2563
6
21
1001900
2396
4691
2436
1664
1481
7861
6447
2311
1001910
4206
10
2
4
64
5842
193
1701
4262
1812
1001920
7079
7712
8497
5606
7420
14
4135
764
1001930
8362
2330
5631
1385
3344
1754
2154
426
1001940
1961
1461
8041
5326
4095
5122
1228
6324
1001950
9144
2844
4724
8489
8114
4412
1824
1840
1001960
8681
5289
6145
4412
107
2669
6282
2904
1001970
4303
3940
1237
8271
1613
1589
2462
909
1001980
6721
3705
2208
8116
9363
1448
2923
2368
1001990
8315
7070
601
2249
9684
9134
993
1101
10019
6617
3093
3002
8244
1555
9331
4090
216
1001910
1269
267
5139
1116
1140
3
58
2618
3452
1001920
5101
4814
1230
2514
72
1
9140
4224
3214
1001930
2341
2231
4442
1731
3284
9248
6
90
133
1001940
2338
7740
5
1
9656
925
566
3605
3613
1001960
5144
2364
7421
1634
7
95
422
121
6732
1001
6
26
1369
8393
8856
269
94
1
42
1
7442
1001
10
1017
1966
9789
9238
781
2211
7616
5762
1001
20
723
4447
1804
1553
6999
1303
442
8622
1001
30
27
3523
6188
3096
7066
6384
764
2533
1001
40
1365
1408
1248
4832
784
3233
8
26
1984
1001
50
9803
4079
2332
1271
4
3
1904
7526
3130
1001
60
66
6
4
94
4343
2498
4728
7226
72
3635
1001
70
1692
449
6584
5052
3166
578
8828
9144
1001
80
3153
703
2941
3844
412
8262
5060
9349
1001
90
2611
3885
1364
3555
1199
722
3856
2216
1001
4025
2125
998
3
60
1497
5242
2412
1403
1001
10
4
46
6851
2631
2111
1229
563
9128
2888
1001
20
3731
3910
9660
4435
234
5314
1811
6268
1001
30
2442
9818
1107
7713
5073
1651
8106
4448
1001
40
221
7799
9662
1430
3722
4
4609
1614
1001
60
4262
1924
3585
8221
6
51
4762
803
2208
1001100
9374
232
1553
1337
4374
3
39
4631
5253
1001110
5470
5252
7634
53
2
1652
4146
4585
2
4
1001120
659
6212
5868
8613
2444
943
1447
7949
1001130
6622
4512
62
4
4240
86
6
3
64
2841
6894
1001140
176
1446
5891
2537
3212
2
28
6441
1275
1001150
2246
4289
4685
4060
3874
9616
7611
9263
1001160
5298
21
1314
4541
1422
4383
32
1
4634
1001170
6726
7384
4751
6383
6044
8
98
1244
1623
1001180
9193
4232
70
2
3683
9662
37
3
8242
1172
1001190
7929
3861
62
7
6165
6554
4647
223
1644
10011
6983
42
4
8402
7116
3688
5106
5313
1262
1001110
7856
2336
2911
3264
1733
1270
247
7632
1001120
6218
1
28
4862
4547
455
4119
136
3858
1001130
1136
1039
2941
627
45
2
5501
6117
1562
1001140
7
93
2163
2353
2396
5260
6722
6321
476
1001160
1656
576
4
48
71
7
7
84
5
26
5620
3908
1001200
6425
6521
2807
2052
4829
6952
4345
744
1001210
8476
7559
9966
1332
31
1
3621
3
43
7869
1001220
7
40
3903
4436
167
3524
73
1
2452
6339
1001230
7270
2706
7
12
9236
5734
4126
72
9
2647
1001240
4342
2626
402
8183
8
53
6681
4164
335
1001250
7693
116
8162
6562
8
34
5663
2440
516
1001260
726
2342
984
8076
45
5
6214
2431
344
1001270
4476
2786
2210
9
11
38
39
8
1573
4256
1001280
1234
2294
3143
2811
4346
2
63
6376
6275
1001290
5934
1403
2164
1424
4624
5171
5631
1545
10012
9941
6396
9833
5966
9256
6164
6515
7433
1001210
46
7
4396
28
8439
9
3
8343
1355
5893
1001220
3132
6716
6102
426
1834
1798
21
4
2232
1001230
1583
3666
1531
7191
1410
2134
3713
1688
1001240
1162
1354
3566
6011
39
6
929
1335
664
1001260
1849
1462
1277
16
5
9073
7867
6026
6196
1001300
3198
4432
5662
7321
98
766
3114
462
1001310
246
8617
3720
6414
6455
4034
143
3632
1001320
28
1
1251
624
8243
1781
87
6
4325
7
63
1001330
11
2
3476
3648
3421
1154
856
5383
2564
1001340
6429
2914
3184
3366
37
2
5316
1564
103
1001350
2478
3841
1391
9538
1648
7523
2263
282
1001360
3424
5012
1651
1626
265
3811
6936
6215
1001370
225
214
5903
4554
433
3335
6634
9664
1001380
320
58
3
1
68
6130
1011
2621
5462
6907
1001390
2217
1234
7649
6316
1147
162
9640
9010
10013
184
6
17
5831
8921
5253
6102
1403
7553
1001310
1895
178
1190
4818
2
18
1113
3273
4456
1001320
3041
5
63
2626
1114
2816
3462
9
42
3162
1001330
203
3556
19
4588
29
1
4361
5566
2517
1001340
1495
6966
4470
9022
81
2
39
9
9546
3930
1001360
399
4026
1139
3368
814
3266
4152
8732
1001400
2532
6902
2405
4393
929
2734
6101
4792
1001410
7243
2192
1327
3
32
1132
3322
2812
17
4
1001420
6433
1
40
6912
5253
5
40
8401
6484
2248
1001430
1490
3434
9300
4
19
2138
4747
7987
6172
1001440
5630
2703
3835
9247
3012
704
474
24
6
1001450
4902
9191
1349
1932
84
4
1214
1312
4149
1001460
4281
387
8643
17
5343
4052
115
8484
1001470
2364
2185
9233
6654
687
84
4
1214
1312
1001480
2949
2185
5573
4213
8211
2412
5657
9165
1001490
5494
2218
3337
923
4973
6809
3825
323
10014
6483
4145
4
33
2766
6135
29
1
4029
15
3
1001410
8126
281
6132
7397
6763
4996
2041
3427
1001420
7
32
6774
22
2
58
4524
546
6350
4956
1001430
2890
6992
8032
1472
3691
7350
1629
4423
1001440
6692
6763
6736
6441
7656
5313
9191
9246
1001460
4652
14
2971
7273
5615
1976
1281
5027
1001600
1431
3
94
3321
1368
3292
3
5
3296
47
7
1001610
4041
222
6275
1533
6575
1
21
115
4045
1001620
4
6
5549
4941
333
7875
3116
637
1533
1001630
7
3
3
31
793
664
4
5
5711
2446
3655
1001640
6338
275
3336
443
6166
3246
4109
726
1001650
4343
514
966
3111
1534
5588
62
6
1477
1001660
1286
1644
4
21
1383
4465
311
3493
7771
1001670
1
33
42
3744
5869
52
1
81
6420
5352
1001680
361
9436
18
8014
6316
8356
6066
9837
1001690
187
3205
312
7324
6228
3647
7640
7
24
10016
122
1878
2051
3123
278
2287
2
66
6206
1001610
5886
3849
1614
1637
7060
1282
124
1660
1001620
1111
2366
1035
2504
2421
1402
9984
1660
1001630
878
15
9
1232
3127
1436
6307
73
2
897
1001640
4866
1630
8266
2922
5980
6168
2386
5
34
1001660
6164
3586
3
94
6167
2386
5
34
6164
3586
1002000
3
94
6167
2386
5
34
6164
3586
3
94
6165
1002010
2386
5
14
6168
3386
1634
6616
2792
6773
1002020
5356
161
6
6
1634
2424
223
3929
342
1002030
3545
6125
1528
6
6
1164
1615
9435
1
2
1002040
1434
929
3423
545
1253
5286
6
11
164
1002050
6
30
4361
1429
316
329
3279
6677
535
1002060
63
1
1853
1132
6422
1116
2806
1042
51
8
1002070
2192
43
9
123
4033
13
1
7425
4519
669
1002080
5096
4171
6248
6660
1966
1493
4306
123
1002090
2221
1422
8417
344
300
1234
637
1394
10020
2513
1974
6739
5765
1422
6747
6
41
7391
1002010
1696
6306
3366
3666
6663
6633
636
7684
1002020
7391
1496
6306
3366
3666
6663
6633
736
1002030
4321
7391
3
16
6709
7396
1236
3446
8325
1002040
3625
58
4
9678
1622
236
461
1361
66
5
1002060
733
8510
815
5344
4358
73
9
2967
162
1002100
236
1461
5036
376
73
6851
6015
8534
1002110
3433
6716
2429
1993
133
4329
5304
9
53
1002120
1258
1697
9436
162
236
929
9435
573
1002130
1253
5
85
6
81
364
6
50
4356
1629
236
1002140
29
4359
53
9
2535
6851
1015
64
6
1506
1002150
4363
3249
3199
9
13
1432
6663
1474
8417
1002160
8624
6687
3096
1645
3
69
4251
2343
13
1
1002170
1621
2513
1274
1432
8417
1324
3010
1234
1002180
833
402
4171
6548
6653
9666
4530
3666
1002190
2920
3373
2366
1935
6553
93
1166
4342
10021
3
44
5302
2493
2016
6434
2366
3530
5449
1002110
4201
9443
1233
9353
1472
3420
1364
3023
1002120
1143
9563
4886
4111
1998
8914
2146
122
1002130
9848
2939
404
2217
4426
3992
5221
6462
1002140
1662
96
1
3434
9903
4181
1682
3018
5946
1002160
4418
5701
4764
2613
6491
9464
2162
6284
1002200
133
6
83
7103
6699
3846
117
186
7429
1002210
9485
1280
4285
4691
7346
8386
5337
3031
1002220
3149
5129
4410
12
6
6220
5428
3749
1218
1002230
966
7254
4732
2849
1153
7817
8641
5224
1002240
8281
3147
1266
4733
1
11
680
6073
4478
1002250
3463
3933
1043
4741
2395
6064
8152
3587
1002260
1747
5540
4649
7094
1302
320
1157
4216
1002270
429
4678
5542
514
6635
782
2941
603
1002280
1269
9912
5181
9122
2582
1604
5141
9434
1002290
6676
416
8743
6600
4118
1068
230
2634
10022
4508
1514
1232
8829
4226
9281
6964
7082
1002210
5698
8
5
2668
1027
6550
132
6448
129
1002220
4021
4948
4302
3453
2
73
6198
4848
9348
1002230
8363
1737
5776
469
3664
5614
6709
4588
1002240
6460
2741
1416
6643
5291
5
6
5947
911
1002260
3708
1066
13
1
6759
1614
24
3
3631
6721
1002300
1603
4623
1
13
4272
23
9
3840
4703
1635
1002310
1812
4025
62
2
1528
1279
9653
757
1966
1002320
5
87
3266
7
15
2222
1151
662
7020
19
2
1002330
333
1766
7293
3054
8219
7607
198
6706
1002340
6
93
6742
32
414
4683
4
60
5
7662
1002350
1841
2157
42
3
3354
10
7
6134
1616
36
1002360
74
213
6626
4232
3
15
6482
96
4
6918
1002370
7262
361
2467
7834
3318
1451
3141
9321
1002380
560
6588
6473
5
3
4506
8546
6690
2498
1002390
5936
1
48
1136
4281
5666
6636
2
12
6368
10023
7610
4166
1464
3419
8322
4352
63
5
612
1002310
3306
8113
36
3
1433
1681
7266
4
14
3593
1002320
6586
474
6605
5007
1741
108
4524
1132
1002330
1004
2200
1048
5000
1341
1404
1008
1002340
4600
5160
9636
2306
9303
1004
9300
1004
1002360
1800
6300
7465
2461
6378
3262
7836
1002400
6263
7620
7265
6973
6466
2233
2431
2230
1002410
6520
6364
6466
6469
3367
5522
4654
3823
1002420
3622
34
6632
6666
6369
3
65
6664
7563
1002430
6563
7464
6323
7465
2061
6378
6462
3
73
1002440
6666
6966
6563
2233
7275
3
64
6166
6973
1002450
3
73
6164
6563
3
73
6374
663
6570
6464
1002460
6366
6375
6465
3
74
6378
6462
3
73
6666
1002470
6966
6563
313
3024
2022
6378
6462
3
73
1002480
6278
6469
3361
6822
7474
3
70
2626
7777
1002490
2477
3377
6624
6772
3126
3939
2639
6278
10024
6469
2261
7820
6263
7364
643
3363
6822
1002410
7474
3
70
2626
7570
6272
6624
6772
6426
1002420
2663
6265
6365
6465
7374
3126
3124
2226
1002430
7820
6263
7364
633
7465
3361
7522
6472
1002440
663
7361
7369
643
6361
7365
743
3
63
1002460
7066
6465
6664
7563
6563
7464
783
6263
1002500
7364
633
7465
3
61
2431
2230
7820
6263
1002510
7364
663
6666
2233
7468
7074
263
6626
1002520
6570
6664
6666
6369
2465
7266
2667
3032
1002530
3430
6626
6666
6369
2265
7820
6263
7364
1002540
673
6472
6264
2233
7468
7074
263
7726
1002550
7777
7724
2433
7266
2667
3032
3330
6726
1002560
6426
7461
2361
6976
7765
2223
6620
6666
1002570
6369
3
65
6576
7372
6669
3364
3122
3224
1002580
2022
7267
6464
3
62
7274
6461
6673
7266
1002590
6163
6974
6466
2233
7468
7074
263
6426
10025
6366
2473
6166
6973
2373
7066
6465
6624
1002510
6772
6626
6666
6369
2665
2431
2632
7378
1002520
7462
6626
6664
7232
6664
7824
6273
3422
1002530
6632
6666
6369
3
65
6563
6174
3234
6563
1002540
6174
633
6572
7461
6669
2364
6164
6574
1002560
3234
3030
2334
3031
3223
5430
3431
313
1002600
3
33
3430
2632
6563
6174
633
6572
7461
1002610
6669
2364
6164
6574
3234
6364
643
7461
1002620
3465
3032
3430
3123
2330
3132
3154
3
31
1002630
3633
313
3230
6426
3
63
6164
6574
3234
1002640
6563
6174
653
6964
6974
6764
6323
6379
1002650
6562
3473
3235
6326
7465
3
61
6465
7469
1002660
6469
2367
7963
6263
7365
3234
6563
6174
1002670
653
6964
6974
6764
6423
7275
7461
6669
1002680
3464
5450
4831
3234
3243
5334
2632
6563
1002690
6174
653
6964
6974
6764
6423
7275
7461
10026
6669
3464
6332
7465
3
61
6664
7563
6563
1002610
7464
7323
6174
6974
7473
6369
6320
7465
1002620
3
61
6174
6262
2365
6663
6475
3374
3022
1002630
2022
6563
6174
693
6163
6567
6323
7566
1002640
7464
2233
2230
6320
7465
3
61
6266
656
1002660
7463
6323
7566
7464
2233
2230
6320
7465
1002700
3
61
6170
6567
6323
7566
7464
2233
2233
1002710
6320
7465
3
61
6170
6172
7267
7061
2368
1002720
6663
6475
3374
3522
2239
6320
7465
3
61
1002730
6677
6472
6323
7566
7464
2233
3835
2231
1002740
6320
7465
3
61
6863
7261
6361
6574
2372
1002750
6663
6475
3374
3422
3932
2236
3426
6332
1002760
7465
3
61
6567
6564
6172
6674
3472
6942
1002770
7262
4665
6666
6369
2665
2433
2433
6942
1002780
7564
2078
6942
7262
4665
6666
6369
5665
1002790
7270
6
66
6365
2674
3333
6330
3931
4224
10027
6975
6462
3823
2632
6563
6174
673
6465
1002710
7265
7461
7266
3234
6563
6174
753
6573
1002720
2372
6564
6966
6564
2064
6563
6174
643
1002730
6361
3365
4922
6664
7266
6163
6
63
2061
1002740
2231
3426
6332
7465
3
61
7375
7265
6423
1002760
6665
6469
6465
6320
7465
3
61
6164
6563
1002800
2233
6449
6666
6372
6361
616
3220
2622
1002810
3234
6563
6174
753
6573
2372
6564
6966
1002820
6564
2064
6563
6174
643
6361
3365
4922
1002830
6664
7266
6163
6
63
2061
2233
3426
6332
1002840
7465
3
61
7375
7265
6423
6665
6469
6465
1002850
6320
7465
3
61
6164
6563
2233
6449
6666
1002860
6372
6361
616
3420
2622
3234
6626
6666
1002870
6369
3
65
6563
6174
3234
6626
6666
6369
1002880
3
65
6664
7563
6563
7464
6323
7465
3461
1002890
4150
1403
1014
1800
6046
3651
4694
10028
2434
4513
4513
1018
6854
1002810
6375
6462
6961
7362
7426
7568
6263
6164
1002820
6269
7024
6764
5089
4744
13
1
1002830
1300
4849
5244
1500
1001
1208
1002840
7
141
1082
4500
497
4144
7854
1002860
4392
7793
1514
1645
1166
4025
9162
8061
1002900
2121
1846
8464
1641
4675
1026
1608
1140
1002910
1518
2894
7198
7510
9198
9464
9124
1205
1002920
1454
6032
4120
1810
2504
4
88
1186
9291
1002930
7244
4106
1231
3464
7241
7776
2
6
9261
1002940
8714
4521
4652
2436
334
6153
3557
3
4
1002950
11
2876
216
1626
1178
9044
1200
6194
1002960
2204
638
221
1886
2022
86
2
2208
220
1002970
1886
2022
86
2
2208
220
1886
2022
86
2
1002980
2208
220
1886
2022
86
2
2208
220
1886
1002990
2022
86
2
2208
220
1886
2022
86
2
2208
10029
1320
348
3163
6916
4763
3666
6366
9036
1002910
40
1
1133
1677
7234
3668
6366
2636
1
12
1002920
1656
6336
543
6814
131
14
6
526
7223
1002930
2004
4813
6
63
4964
6
63
4365
3961
6512
1002940
5257
4571
1281
6605
3646
6366
3667
6776
1002960
7733
85
1215
243
1158
6
42
641
6
57
1002
3626
6266
2162
2626
55
5614
637
9656
1002
10
6733
2224
8
45
6172
1725
6316
6643
6366
1002
20
7646
1233
1185
617
6804
24
1258
2964
1002
30
5755
6553
1743
5
36
4
1
3860
942
4329
1002
40
2709
1384
9621
1123
2646
4211
3532
7
48
1002
50
4432
952
5281
7731
3444
52
2
5252
66
2
1002
60
1932
2673
359
76
1
3
43
1432
13
1
6142
1002
70
4366
1951
4572
5795
7954
3326
2267
3193
1002
80
1417
4678
1633
3666
7
4
9649
4627
2114
1002
90
5
36
7124
172
623
6
14
64
1
33
7236
1002
1363
356
1722
1413
4545
2115
1456
41
6
1002
10
2497
11
5
2
95
2
55
3791
13
6
1174
297
1002
20
2734
6436
2368
4353
5939
6613
3415
35
1002
30
5155
7611
41
3
6746
2994
6640
7302
1182
1002
40
4437
4719
8394
684
5833
7754
7533
4
75
1002
60
1934
6030
2940
2592
6671
3942
2261
2184
1002100
8643
9430
8125
3317
2216
8224
2336
3637
1002110
642
6613
6164
3612
647
3328
2023
6533
1002120
5334
1366
3665
6276
7627
4650
621
7212
1002130
1346
3267
3
1342
3426
86
3
6468
6469
1002140
376
7616
344
2769
1384
6916
6623
743
1002150
3048
2462
6808
8664
6411
8350
4673
2922
1002160
256
6558
354
19
6
1
46
117
5657
3573
1002170
876
5492
497
7
25
5839
9193
8493
5366
1002180
7904
8348
7131
1543
3
37
6115
2827
2431
1002190
67
3723
1436
9507
6766
6616
5
33
634
10021
1143
7446
1631
5063
4509
2664
3394
48
3
1002110
8120
3603
1516
6
14
610
1681
6223
4174
1002120
3466
7912
3266
8863
1965
4214
9537
5324
1002130
6
3
7201
6171
2336
2321
6
14
3068
11
1002140
6243
2360
3606
6266
2363
8447
56
2
6416
1002160
3743
2433
1961
6633
2214
9058
4429
3507
1002200
3
63
1494
3219
3078
4833
6114
344
1813
1002210
2641
3438
6336
3364
1
33
6375
728
9344
1002220
942
5123
2216
2102
4206
420
3417
5123
1002230
8416
31
6
5583
54
1341
3205
211
2226
1002240
1259
9260
571
7943
230
6048
6315
2954
1002250
3582
3919
8319
6364
3361
2243
3134
1844
1002260
2
13
434
4867
54
2
3621
2963
3164
7314
1002270
871
55
56
1
7
13
1
65
6236
5198
3191
1002280
5516
744
8105
4175
6536
3143
8737
3191
1002290
1613
3
22
4156
140
9034
681
6769
9902
10022
9623
2142
3317
3176
43
1
9
87
6135
8346
1002210
7436
6361
6194
834
6931
432
1185
7617
1002220
3244
1999
3201
3486
286
4963
7793
6934
1002230
4663
4676
1
66
9946
4430
3763
6416
6945
1002240
653
142
9946
700
2
5
2195
8663
6032
1002260
640
61
4326
8105
4969
96
7
5758
6411
1002300
1
32
1
21
3336
6716
9166
3581
6376
7637
1002310
4359
3
74
4552
4
32
4232
3330
3443
647
1002320
3448
5434
4664
9721
5586
3484
1364
1456
1002330
2231
9032
4218
4
84
6436
2832
163
5889
1002340
1045
6100
5
81
247
6071
4140
1438
4134
1002350
7166
6
21
1643
866
6252
4412
1686
6436
1002360
2761
1716
3034
8187
1966
6284
3026
4687
1002370
6522
1439
5667
3332
3292
3279
1241
2648
1002380
9646
9148
7271
9336
2642
6476
1633
2874
1002390
2216
5649
5624
6264
7117
9
56
1384
3231
10023
2
42
6015
1221
9974
64
3
6583
354
6183
1002310
2062
431
6562
1315
1164
6063
3075
2120
1002320
7664
6766
6476
4641
1
83
17
5
1144
4135
1002330
3621
45
7316
646
2
41
3742
9157
5108
1002340
7163
4751
8374
2591
722
1973
8684
6606
1002360
8433
6956
4176
3916
5433
6716
9713
1016
1002400
8387
6032
3411
4464
356
5676
4935
4666
1002410
7217
4
25
266
921
6669
2026
8853
1123
1002420
2648
6236
7200
1281
6021
6416
1760
3218
1002430
2226
6043
4227
8125
1123
1761
5799
2772
1002440
3467
381
3019
469
9123
2327
263
8184
1002450
3492
4218
2448
9037
4763
6726
8
16
2
1002460
39
6
4472
1180
1723
6494
1623
1236
441
1002470
9011
7318
1346
1518
6033
1320
2171
5812
1002480
2241
86
7
2018
1246
2484
1318
4439
4166
1002490
336
6471
2148
219
412
2425
3814
4219
10024
1416
5467
6362
6778
7733
2526
164
523
1002410
6412
2621
2527
4525
7433
35
5055
100
1002420
9202
3122
3445
2620
6738
6436
9832
87
3
1002430
317
2786
7114
6822
8134
5943
5
58
5324
1002440
2431
5201
6444
6921
4203
3710
5123
5216
1002460
7
13
7135
1140
2763
666
2372
3735
7132
1002600
1346
2663
5182
366
4662
8837
2126
6467
1002610
7
81
1418
2258
4445
2116
6421
3063
4123
1002620
8723
6733
9408
4171
6448
1264
8181
3492
1002630
3822
8843
2348
3082
5138
9164
4048
1241
1002640
4682
4
30
1122
1631
9831
9049
6439
1211
1002650
1428
1214
3338
9265
4125
1484
5
33
7812
1002660
1261
2165
3762
2424
7339
2
1
4
11
6966
1002670
9647
1531
2935
2642
4336
1667
6236
9760
1002680
313
6617
9126
2723
3765
6656
749
9696
1002690
552
174
6316
70
3
230
6368
1342
6426
10026
4663
3776
3862
7330
1454
2
38
2366
659
1002610
8924
6413
7236
8844
46
6394
7181
6423
1002620
19
5
6597
7731
3244
6274
2938
1
66
649
1002630
3844
7106
2413
4231
436
6153
141
1185
1002640
9617
122
1592
1455
3364
573
2039
7688
1002660
85
2415
6472
8733
8234
3917
1041
6
71
1003000
606
3168
26
2
6134
1922
1132
3361
6671
1003010
4
98
3300
64
1544
6415
8204
7589
1333
1003020
6771
1164
6634
9668
4
7
49
9
2693
6813
1003030
8142
1366
9665
7010
9589
377
3264
31
8
1003040
6758
9632
1373
5355
1414
4101
468
1140
1003050
3369
7611
6703
1412
15
3204
6
24
525
1003060
3432
6258
261
24
4
9801
1548
321
1228
1003070
6472
4731
55
1954
7642
3114
4687
3122
1003080
3134
8321
9446
69
2196
8457
4079
8854
1003090
2697
3456
4824
6323
6168
1343
6114
4441
10030
5589
7197
93
9
5626
2
34
3716
1264
54
1
1003010
9222
2375
7
44
3267
6496
1433
3369
8321
1003020
907
7833
4605
1825
6761
4
5
5075
226
1003030
8362
5918
2163
5726
2063
1974
75
2
4564
1003040
62
6
3
20
1634
3163
6420
3299
9912
1643
1003060
8114
2662
6070
5440
1654
743
2988
2824
1003100
6864
8643
8544
2468
1389
8243
8594
4954
1003110
6149
1611
9444
3758
4433
66
5
2346
5991
1003120
7675
3
43
2425
143
6941
7177
1626
1262
1003130
25
4
8499
544
8936
1169
8132
5707
4093
1003140
8055
7186
6423
83
5
351
432
109
3063
1003150
21
9329
4327
1162
6001
6641
6393
3687
1003160
2162
130
613
3041
7113
5377
1909
4128
1003170
4
19
1890
4266
3919
9342
3346
6281
2026
1003180
1512
946
2105
7421
3053
37
2155
3132
1003190
7515
6278
1926
1733
3421
1066
4681
4152
10031
4512
1681
4976
21
6
177
5782
7660
4423
1003110
4321
329
4484
1
38
6418
4764
2618
394
1003120
6041
18
24
2
9156
5248
4209
3660
2843
1003130
6
34
1608
4428
6337
24
6
6024
16
5
72
1
1003140
8340
644
8340
3329
1130
3171
5749
2201
1003160
6604
8433
4901
2362
856
7875
143
9969
1003200
1851
6264
6363
4081
2170
1731
280
2284
1003210
2886
547
1943
5
73
233
5732
7954
58
5
1003220
6398
911
3803
2162
1194
5311
7433
4333
1003230
1116
4876
4323
280
7717
1377
332
111
1003240
6554
3241
8120
9666
948
3541
8
63
2115
1003250
1194
4284
2416
6
24
640
3141
2617
5832
1003260
2407
133
5624
3214
35
7
3883
6
21
1310
1003270
5135
4409
8169
1703
2312
182
4331
6834
1003280
1911
4312
21
4
3611
3514
124
9022
9232
1003290
36
2
16
8
6874
5061
3265
86
2
1642
1616
10032
47
3
1486
7234
7338
4177
336
133
6
36
1003210
2834
7333
5712
6764
2548
2988
95
7
7424
1003220
8992
3411
6643
6833
1911
4942
1733
4411
1003230
532
1181
7547
4677
1596
63
9
6763
1736
1003240
6
13
8332
6961
1706
7312
6332
3364
7711
1003260
1446
3665
3951
3
9
9094
4449
7331
3
42
1003300
16
6
3
64
9433
1616
54
3
6613
9123
4723
1003310
3090
1520
6496
4617
7626
9822
6031
2523
1003320
2530
3675
3
44
7617
3386
4439
7213
6269
1003330
122
1167
6
13
3552
7363
973
2229
4485
1003340
4116
3499
2494
2663
2329
5676
7702
1347
1003350
4334
3404
3768
3269
1944
4942
8133
5617
1003360
3265
866
6115
7637
1191
1622
6466
1849
1003370
5507
2626
1851
4890
1323
3320
7063
14
2
1003380
3819
54
6
7048
3229
1447
4329
1644
8411
1003390
4441
1116
4184
1644
8411
4441
1116
4184
10033
1644
8411
4441
1116
4184
1644
8411
4441
1003310
1116
4184
1644
8411
4441
1116
4184
1644
1003320
8411
4441
1116
4184
1644
8411
1241
1164
1003330
4572
12
1
4
244
1389
2195
9457
6331
1003340
4626
6676
1861
1429
4669
1911
4
12
6421
1003360
4
26
97
8447
9112
5251
9640
6266
32
7
1003400
2866
5741
4278
2820
2611
1683
2083
4156
1003410
6163
7
62
17
6
7
34
13
1
1359
657
9329
1003420
5327
2217
1729
2
1
6642
7378
9642
5362
1003430
4214
6616
9
23
8774
7926
1354
4944
4463
1003440
1932
3193
4677
9367
3446
4469
4611
6814
1003450
8142
1646
7466
9426
3633
6463
7413
1233
1003460
2165
351
5346
6573
5935
6412
6269
2663
1003470
1065
312
8647
25
6
4364
1334
3671
6773
1003480
3133
1666
6863
4361
222
3761
67
4
7733
1003490
2916
3
69
2
65
6194
19
4
4686
8145
516
10034
7622
4163
1656
6262
1421
3369
468
2124
1003410
2697
34
7
46
261
6134
642
6376
6541
1003420
5397
8146
6694
1126
9066
8545
1853
629
1003430
9646
9
44
4326
129
743
3288
1529
4371
1003440
3626
4463
3277
3142
2617
4370
2346
3637
1003460
2162
1607
5060
42
1
2
85
55
5122
6216
1003500
4663
9423
37
2
4723
484
63
6
2944
4123
1003510
9660
6637
1834
4371
4944
6292
9741
1324
1003520
2763
14
8
1582
3201
3909
6512
6213
1003530
1121
4744
9922
7633
7264
130
6239
1633
1003540
3163
3617
1174
1604
6834
3320
3176
1763
1003550
3179
2313
6962
6663
2360
1006
994
6532
1003560
3028
8447
6212
5223
88
4
1221
4974
7
32
1003570
4
65
5519
3443
7113
130
2441
7034
8040
1003580
666
9647
676
3951
4673
3194
1530
41
8
1003590
1300
9948
356
4513
2
16
5
1
4299
2516
10035
944
97
6119
4471
8719
9336
7731
4332
1003510
1651
6162
8232
2073
391
5702
6266
4720
1003520
3237
4063
5
16
1252
7178
2136
6815
3765
1003530
8356
4477
1932
2
69
6863
976
3214
6872
1003540
6430
6341
6144
8952
2129
6
41
1552
956
1003560
7969
6863
8643
5697
3974
1524
895
3960
1003600
6713
1333
4834
391
2643
854
2510
5263
1003610
939
7034
2643
885
496
332
5092
3833
1003620
2348
9922
1633
487
6821
9797
4174
5697
1003630
4974
273
2043
4805
9487
5262
6531
2
32
1003640
256
135
1486
6791
876
9116
6336
952
1003650
1721
3338
3454
72
2
2472
7440
4303
2050
1003660
4173
1483
1025
4466
7154
1543
5
22
2145
1003670
2797
2301
6402
5742
326
966
3212
624
1003680
6
28
1151
6416
4
33
4027
6
33
335
3690
1003690
75
3
662
1731
8093
1
4175
3146
5520
10036
41
6
5832
3682
6164
1486
2222
9
39
1227
1003610
4212
218
356
45
6396
6761
3191
6429
1003620
81
4
5737
9315
532
45
3
3017
5283
343
1003630
4431
346
3912
4156
2296
1469
6820
8469
1003640
1309
9812
54
6160
614
2
20
6966
4622
1003660
16
6361
6265
835
9
54
1365
6045
4521
1003700
3478
6130
2617
3254
41
5
6
17
6
64
641
1003710
7357
1394
8743
5604
3112
2164
8466
4431
1003720
53
3611
6062
4361
2303
3624
359
7
61
1003730
1731
671
7134
65
6
3362
83
6
8761
4667
1003740
2341
9610
3381
53
4
6411
4649
6
76
6333
1003750
3626
2646
96
6
8326
9111
7566
3410
3216
1003760
6062
7123
1736
3441
5344
557
8
96
7243
1003770
9741
3111
4361
5346
59
2024
4643
39
6
1003780
6
63
4165
1023
148
6018
4300
545
1245
1003790
2864
1640
6032
9480
383
1681
6468
1988
10037
2244
3252
6472
3224
1816
3496
12
2
126
1003710
39
6
156
2749
7142
4014
7
1342
4
18
1003720
6812
4368
2986
6176
4366
8412
99
3
2174
1003730
9
62
4429
5632
5601
3622
4832
4781
4572
1003740
232
1058
5340
2496
156
7
11
4909
5393
1003760
21
2
502
6331
6026
5720
3923
6934
7929
1003800
9648
434
7211
4864
9651
9626
7074
3165
1003810
6363
6944
1240
1824
1141
6342
1381
3607
1003820
3
63
6534
9
78
9746
8027
6084
6165
3631
1003830
3664
2060
4600
4124
16
6
3374
3743
9791
1003840
8245
1594
9443
8040
4342
167
1312
8564
1003850
4346
8543
8339
7603
1325
1191
4677
1734
1003860
1406
4864
9464
4420
3496
1269
4808
2
24
1003870
256
4218
3303
6601
3562
5657
6221
483
1003880
3258
5668
3377
4475
5152
6228
4
78
6008
1003890
93
4
4200
3468
1132
354
5511
6404
4164
10038
6082
385
3924
944
1252
1833
8562
2305
1003810
1279
3467
6471
2118
2306
3623
6749
4722
1003820
2296
4259
9399
4627
6466
8810
3322
9948
1003830
8222
6233
3842
6311
8710
2421
3921
8540
1003840
1864
1852
1062
1243
1346
4304
8206
619
1003860
437
3663
6366
1036
295
2031
6346
6391
1003900
6634
2366
659
7326
4930
264
5
12
6033
1003910
9134
4607
2245
2483
6265
8202
4114
5603
1003920
2241
7865
124
2883
3398
7671
221
242
1003930
6828
1
11
1126
3768
8362
2748
1204
9414
1003940
2654
8
29
2562
6956
6416
46
6336
5634
1003950
7214
23
2
1154
6031
2814
2403
3812
782
1003960
7861
21
6
4662
1123
2671
6325
1751
5364
1003970
4411
158
2
21
3
97
4242
2129
1180
3354
1003980
6468
1188
2023
1331
4551
7774
35
1355
1003990
2
38
6
2
7887
9401
4032
9407
5226
1292
10039
4880
6943
6262
8132
4411
17
8
472
648
1003910
580
6336
1102
2433
4386
4254
1678
7696
1003920
3
43
3941
2734
1343
1943
7385
291
6426
1003930
4133
6430
20
4960
1365
2129
6201
241
1003940
6676
7464
3
94
4494
2718
1641
4910
1709
1003960
1292
5012
4465
22
5222
1629
4429
7538
1003
544
2666
694
8389
1382
2763
2184
3497
1003
10
6291
1
33
1475
6025
6834
130
8346
601
1003
20
2265
4
35
3
16
1473
6742
9
23
1965
2972
1003
30
1433
346
1491
1992
4059
4
14
3289
8901
1003
40
6
34
8834
3124
4224
3323
952
1048
1740
1003
50
4262
6
73
2
21
9944
6612
3813
8464
6736
1003
60
7994
3126
4855
1242
2761
355
355
9348
1003
70
1416
4105
7913
1944
7847
9
36
562
2656
1003
80
9310
7722
905
7322
6188
8642
21
7
1420
1003
90
2026
91
3
3421
8571
40
9
9641
1048
817
1003
1544
4211
1004
6614
9413
1414
4
36
1664
1003
10
1971
1872
9942
8424
3722
1417
409
1042
1003
20
3632
3644
9102
2563
1641
9
42
5
2
343
1003
30
9460
9261
1035
8
6
3635
8182
9212
16
5
1003
40
4371
2658
2452
1132
44
6112
1
69
7436
1003
60
4472
1716
2431
1641
9
42
3310
1563
8
13
1003100
656
9641
3423
3822
2006
6783
4973
3946
1003110
4089
8742
6448
8236
8830
2348
3082
4888
1003120
8223
2830
7308
6112
1126
9
43
5134
4888
1003130
6174
236
4459
3374
3163
2864
4790
7914
1003140
6424
12
4
1432
2104
3392
2467
3783
834
1003150
147
8743
6434
4330
9371
5223
1018
552
1003160
394
6512
1713
2214
2773
8976
1175
1243
1003170
2164
1618
5224
9758
1133
6437
6934
827
1003180
351
4138
6264
2663
6
63
7165
9946
3667
1003190
3466
3622
4661
7616
8427
4113
637
7236
10031
1844
7213
1525
4257
1731
6486
6
44
1234
1003110
6269
6369
7765
437
8253
447
1952
3228
1003120
7314
5761
7356
4975
532
1153
6376
9344
1003130
4846
1736
3666
359
1461
3018
1740
88
1
1003140
1823
3322
7711
8357
1651
8162
8428
3113
1003160
2346
2
45
3395
1155
1995
4175
1636
5
23
1003200
1260
94
2
4946
96
7
1354
2366
9922
933
1003210
5
2400
1131
677
7317
1133
6676
4164
1003220
8723
3246
9319
1537
356
5732
24
8
6671
1003230
2442
4616
1451
4
29
934
1653
5962
7241
1003240
4666
6245
6481
8349
1121
3
66
4561
2716
1003250
1686
1356
157
1117
3261
8237
1105
3
14
1003260
874
8542
360
6174
7743
7336
6
17
2
35
1003270
4786
6391
14
3134
7959
7213
2
45
3163
1003280
1316
7038
63
8427
1781
6626
2293
6341
1003290
485
4
1
32
7319
3216
9078
9207
2645
10032
6696
6
1
2
14
2697
3496
1430
4427
192
1003210
3540
3028
613
486
4428
3612
3
63
9342
1003220
953
449
4132
336
441
6379
5146
30
1003230
6261
9414
8226
5319
6412
1649
8214
1920
1003240
7869
22
3406
8068
5612
58
2
6521
7312
1003260
3285
36
3148
151
2964
9612
2
14
55
1003300
2840
6167
2420
4853
3496
9474
1826
7832
1003310
1410
6874
3221
1103
4279
2789
1412
1641
1003320
5256
5374
2824
359
5341
3377
6435
3832
1003330
7194
4266
3949
2187
3
93
9
75
6331
2346
1003340
1386
1841
464
5154
1338
5286
4934
9663
1003350
6464
127
8282
5412
3399
46
7
2647
6518
1003360
3349
3227
480
7697
6227
2
16
9653
37
8
1003370
2
63
6572
3657
146
1721
3729
3
63
1644
1003380
1480
4148
4482
8353
8693
2746
111
7630
1003390
7781
7336
1277
1232
9566
5314
7232
1842
10033
3125
8653
6571
4568
4864
2331
1264
4260
1003310
3442
2491
4963
5
6431
8225
8830
2348
1003320
3082
4888
8223
4830
3496
714
7695
1131
1003330
3601
6222
9122
4360
2426
1811
1366
3829
1003340
247
406
8921
4814
3333
6135
2111
9106
1003360
1343
4442
2
45
1595
6241
6266
3765
5656
1003400
3377
3475
5
75
196
348
7361
4112
5
26
1003410
1714
2446
6656
335
1751
2506
1
14
1644
1003420
2126
2692
716
4864
3351
7348
2193
6751
1003430
6613
6164
6336
1364
4011
43
6
2
91
4354
1003440
23
7
8928
29
4
228
9044
7845
3802
6212
1003450
3467
4671
165
4662
4134
3535
3113
1076
1003460
6077
2
53
5424
6
384
570
1487
7234
1003470
6638
1234
1466
2669
3829
4141
1543
9562
1003480
66
6
9922
1933
1
54
6791
64
3661
3466
1003490
7314
3671
3450
9
98
2
9
1814
4376
533
10034
42
6
6301
1449
3341
8853
6749
9793
4434
1003410
28
3
2213
9602
9494
2694
6814
7
12
18
1003420
2
11
9214
1211
2903
55
7494
336
2
14
1003430
3166
15
2
7291
31
9
1148
3396
1713
913
1003440
4191
3947
6713
1633
917
7963
52
4
3819
1003460
1781
5028
6640
6631
4426
4691
4404
3643
1003600
5488
1
38
6175
9229
525
7266
2442
1509
1003610
9235
1615
6653
4368
2186
4354
213
4254
1003620
3259
5142
678
1263
132
44
6495
1301
1003630
1
44
1471
5435
1581
4621
4
5
3531
2
55
1003640
1301
1626
61
9
120
2
13
4665
8192
474
1003650
3424
3
13
4041
3602
4989
1965
7894
2
31
1003660
2126
6651
6513
4132
1126
9078
1211
1458
1003670
1168
2214
769
9311
4956
656
941
5
93
1003680
654
5102
974
9324
1348
5
54
6
14
7488
1003690
7936
2563
54
8954
3446
1
44
5211
6580
10036
2
62
3385
43
6
9721
3626
6364
1661
3214
1003610
2728
3350
6110
3303
834
2351
807
1699
1003620
9421
13
8708
4964
2443
75
2544
7122
1003630
4235
4115
4871
87
1
1120
1023
5133
4313
1003640
3184
1172
5341
5273
26
2942
2115
18
1003660
42
9
1342
7631
1264
5265
5221
8546
1155
1004000
4376
9658
3264
7823
2033
6514
348
86
1004010
3304
7239
1944
1847
2311
77
1
3446
3922
1004020
2713
3444
9404
8852
655
5354
55
1156
1004030
6761
1548
9522
6
16
1352
1550
3464
4671
1004040
3869
4633
3094
2467
1612
6333
6330
36
1004050
6294
1
81
53
1
5035
4313
6639
1635
2434
1004060
1641
4
1
4593
9721
1423
6158
9
98
1004070
8166
6711
8218
74
4
1639
7721
9
43
4826
1004080
3363
1
98
1746
1994
7125
342
632
294
1004090
9451
5323
9939
8822
840
7601
2560
9322
10040
1731
9942
8232
1124
3971
6512
11
5
2342
1004010
1421
3504
1233
830
694
1230
6032
3103
1004020
3500
9656
114
2200
4650
6413
1189
2124
1004030
320
7416
9261
16
5
1326
4
13
1026
5655
1004040
5669
3841
4213
4050
9218
1815
4164
8723
1004060
2733
542
20
8
9434
6028
5162
2156
9164
1004100
2
1
3232
424
8743
7122
1369
6236
4518
1004110
1218
3407
29
1855
4170
53
4
1411
2260
1004120
1101
2216
2060
2658
459
4823
94
437
1004130
2153
9360
4693
1670
5986
6171
6660
3322
1004140
7456
6569
2447
1393
3598
9302
5415
7
13
1004150
8612
4773
7793
9258
1190
4649
85
5
5192
1004160
3916
4437
9329
247
2202
1279
3229
7307
1004170
5127
8980
1761
6316
2103
2261
1984
2364
1004180
2603
1483
29
7
70
94
8
6564
9950
3476
1004190
8316
26
4
2346
3217
2722
1864
1113
9152
10041
9904
3243
28
4
3407
4381
8014
2364
3660
1004110
4779
493
2527
4674
5662
3322
53
286
1004120
5745
7277
1532
7924
42
1
2192
2039
28
6
1004130
9596
2162
6584
1296
4134
2441
876
6429
1004140
4416
9860
4457
1916
2141
1607
3264
4238
1004160
621
4212
1225
4916
2193
2021
4461
6616
1004200
1574
5021
12
4
6397
21
6177
2542
1188
1004210
921
1955
43
4
2587
2673
6456
7122
1686
1004220
924
8
13
1121
2268
864
443
4115
132
1004230
2657
3377
2396
2341
6031
2232
2180
2321
1004240
232
6192
8373
1301
592
2606
1322
3917
1004250
1136
7638
8932
5
22
6443
7434
2222
67
1004260
2535
6
32
13
2622
2389
8743
1709
309
1004270
5766
1302
4349
4112
1513
6718
4115
7204
1004280
2006
1048
1424
2
92
6772
6426
1296
4
25
1004290
2524
5711
7182
453
9268
2099
1714
6912
10042
1063
3498
4
46
7172
2413
2162
8962
7033
1004210
935
7322
3230
1168
5394
4431
1009
2446
1004220
3402
3726
4321
6486
3942
3233
9872
1337
1004230
6696
4409
4686
6336
594
8211
333
3656
1004240
328
1560
2459
1104
4131
110
361
3274
1004260
8322
7342
2469
6128
3997
6246
2089
1474
1004300
8522
9231
2448
4324
439
7622
9150
8602
1004310
9511
4924
8426
4113
2245
1338
573
1924
1004320
6246
2208
5243
1262
6209
2529
5213
10
4
1004330
7914
6769
7642
2212
6712
1342
2226
5214
1004340
7
11
8
20
1685
3222
643
96
6669
6210
1004350
1043
9249
5112
1662
3660
3031
2913
2
51
1004360
1321
683
2
27
1414
5246
13
3
244
6
14
1004370
4165
7841
7322
1348
6944
46
4
4301
3123
1004380
1344
2220
1589
1612
8649
424
1451
1
63
1004390
6341
2136
6360
8286
443
4130
2559
9674
10043
18
3
1609
1662
9623
6219
4132
7513
2246
1004310
7
27
6393
1805
1899
6822
3429
2257
9091
1004320
6182
2184
5426
8322
3361
9548
332
9186
1004330
2342
2416
4608
1862
4322
9052
3664
9
52
1004340
4697
8522
2279
2416
7504
1274
2402
6508
1004360
7392
1335
2256
6763
350
46
5
4366
1145
1004400
4807
4492
1412
2363
296
6
10
3652
5029
1004410
7195
42
2
6141
7414
4464
64
4
4388
4834
1004420
4
13
6083
2125
3153
7344
2735
3
16
3434
1004430
2444
7232
3618
12
1
6371
1647
6473
1897
1004440
6330
3464
634
27
5684
4326
2313
3274
1004450
5910
1334
3262
1561
14
1
373
2317
65
1004460
4419
4741
7352
8952
6
31
1664
8613
6633
1004470
3898
97
9
2276
2622
2325
3791
8637
3
20
1004480
801
3257
5
11
4563
4522
2952
1134
1
42
1004490
6109
9312
285
299
8143
9414
1144
3481
10044
9248
4153
4220
324
4730
1221
1421
3106
1004410
6844
8224
4964
1323
6386
1262
3461
3828
1004420
1
32
6619
5893
4518
2241
4763
2626
452
1004430
3208
2884
8432
186
1083
6695
1915
3498
1004440
6210
1
46
3437
2597
6382
237
8145
1120
1004460
3
23
9
54
2447
6250
4236
8579
150
1562
1004500
2421
1638
4491
3
22
14
3
3766
23
1706
1004510
4262
1999
1152
3956
3132
1195
2
37
55
1004520
4124
1464
8018
1
55
4974
5652
2
13
2155
1004530
4100
6056
2468
6924
6221
4210
1325
121
1004540
8283
4346
4610
2042
6723
4817
1011
5631
1004550
8975
7608
6103
2117
162
9662
7
22
2564
1004560
6311
2027
382
1783
8931
1267
1731
3666
1004570
7616
3676
3
32
4
75
1560
4175
3
36
2792
1004580
1461
3369
7258
6461
1349
2562
360
3952
1004590
4685
349
2589
9231
2885
1831
4764
627
10045
8660
1331
3677
1773
6421
1375
9422
366
1004510
19
2
3341
16
2
1429
1144
1234
2362
60
9
1004520
6792
3666
3501
6141
8522
6101
1216
6336
1004530
1464
3611
862
6
19
2149
996
6733
6122
1004540
6021
3715
4354
238
1322
3611
2350
4406
1004560
4065
32
1
62
3
2210
2821
8232
7341
4569
1004600
4997
1804
2402
2
43
7165
2795
1906
9318
1004610
8522
3082
2487
1027
5812
7962
13
1220
1004620
6267
6245
3195
4693
12
6
2170
1182
3296
1004630
1060
3307
9185
3
6
7099
8262
4
25
2358
1004640
9813
1337
81
8
8324
181
1803
3205
4191
1004650
7906
3116
5667
6692
4652
9014
96
9
6319
1004660
9066
2117
6139
5206
6103
3405
6568
2114
1004670
8
52
5042
1560
2060
4361
7348
6928
1248
1004680
1434
2329
9097
3442
34
59
3
9463
3494
1004690
2828
4754
1869
1025
6628
4426
1892
26
10046
23
1
5348
5321
3346
6235
1824
4153
9448
1004610
2105
9225
1157
86
6
8
54
7790
1294
6417
1004620
3484
6324
1430
183
6
92
4468
2020
1805
1004630
4154
3018
7247
4590
461
7130
1346
547
1004640
4113
9728
6596
7993
6971
3624
8064
1328
1004660
1411
7
53
2068
11
4
7563
1639
104
6316
1004700
6
31
9511
294
3117
1584
7242
4113
3251
1004710
1415
4891
20
1
82
6
6391
1320
4
92
44
7
1004720
2293
8849
1233
9949
96
6
4134
3131
2332
1004730
1615
9521
332
2850
6210
906
7322
4810
1004740
1311
3401
7816
3924
5286
693
1784
1733
1004750
1790
1824
2335
7
36
864
2989
2121
2105
1004760
604
87
3
1264
3856
8961
4029
3144
4680
1004770
2330
462
2821
7591
3343
3862
7630
83
1004780
4321
5603
8441
2856
1111
6210
1239
2
22
1004790
153
1564
8628
4264
5544
5071
3513
3007
10047
909
2726
8933
4189
366
646
4344
2296
1004710
7667
622
6
68
4416
8163
1314
3752
1654
1004720
4743
4824
637
9316
8321
7012
6611
486
1004730
14
3169
7482
11
1431
3981
2223
2344
1004740
7435
2841
9
13
1283
3569
3416
2765
1925
1004760
1588
5713
54
6
1
33
9375
4936
4
67
9148
1004800
2451
1806
24
1
3473
6372
6343
4678
3
34
1004810
6648
6572
9051
2933
444
6311
5627
56
1
1004820
2403
1500
8592
5266
2635
1469
3958
1415
1004830
2742
6142
4266
8639
5
94
2601
1148
4810
1004840
9550
1689
3868
9365
232
9421
8111
9691
1004850
6228
1827
1
20
7132
5688
7734
50
8
6219
1004860
6994
6038
4276
1951
3144
7137
703
8352
1004870
181
28
3
596
3267
8546
3336
1348
1989
1004880
1416
7612
64
1
3406
4375
3165
3074
1063
1004890
2460
8046
3621
5442
6
9
1308
3166
5677
10048
2972
2842
47
8249
2
30
1
4
1446
2261
1004810
41
6
4186
2427
2170
2
36
1393
468
2084
1004820
9252
44
6
904
4493
2643
6148
4542
6
11
1004830
1028
4316
83
2
67
4
4227
7873
1603
76
3
1004840
1307
241
3319
3613
531
8181
5
94
9201
1004860
2214
146
54
6662
2542
7166
53
2
1373
1004900
3
6
1593
3761
3142
7
33
8064
5824
1013
1004910
7371
5044
4623
1819
1474
1783
7256
9791
1004920
9
54
3891
3169
1430
4835
8087
7433
6769
1004930
4632
3685
4833
9643
1418
5646
6322
19
6
1004940
1266
3
63
6691
9423
4066
5139
3673
7296
1004950
7
1
3143
8333
1326
9156
5486
1537
1158
1004960
4376
1328
5289
5379
1283
7013
4571
6713
1004970
184
2314
413
1002
4332
7896
42
4
3325
1004980
6
19
6228
2285
1
4
4361
4012
106
6333
1004990
1324
136
7609
242
3467
6687
7394
6493
10049
103
6646
4643
5341
494
9357
7531
8
87
1004910
6670
1157
2534
4378
1297
2280
5243
1470
1004920
3225
1269
630
701
9627
2106
5376
8971
1004930
59
1
189
1327
8426
8719
2422
1828
2603
1004940
1239
5571
5428
6266
7891
4433
470
3134
1004960
8111
2181
6842
2112
547
4246
3292
1640
1004
5411
8904
2161
3443
2651
4
24
5640
234
1004
10
532
2389
3241
1426
9021
6391
5381
1064
1004
20
5350
6133
13
6
7086
1100
9495
1296
6790
1004
30
38
2408
2843
7308
4538
5206
1603
8227
1004
40
8522
906
1477
3346
1823
2170
6423
3141
1004
50
3084
2934
26
6433
4122
8223
1063
2132
1004
60
2
34
2627
9526
6326
6704
2203
1961
2208
1004
70
220
1886
2022
86
2
2208
2320
3164
2864
1004
80
2690
1183
6976
9745
8634
8213
1359
6366
1004
90
1239
7525
4566
1
61
4837
8223
1363
4232
1004
6276
633
1343
657
364
1616
8112
6373
1004
10
3765
2452
9132
1622
1487
3213
3927
1246
1004
20
6671
8422
1231
4411
11
6771
6244
7933
1004
30
462
7612
7
29
396
6912
3116
647
4
8
1004
40
6636
6763
2113
8822
1903
3664
1356
2366
1004
60
5324
941
5329
9186
5063
3813
4279
1381
1004100
6207
2145
5727
32
9
4964
3473
7935
4462
1004110
2542
6181
9132
1179
8771
59
2
4213
6540
1004120
9621
2495
9569
552
44
6
6
93
2514
9222
1004130
6233
9386
2606
9765
6414
6624
4138
16
6
1004140
2544
4144
2
72
2282
1446
7
33
7848
5538
1004150
7883
4168
3387
643
1639
410
1328
2112
1004160
9711
9192
1419
3225
1947
8223
1956
2132
1004170
9866
4201
4427
18
7
16
7
64
3611
5441
1004180
4451
4712
20
4163
6104
3110
1447
1061
1004190
4731
6104
3110
1447
9061
6611
374
8346
10041
316
25
2
4562
5321
155
4144
8692
3113
1004110
3326
7
1071
4146
436
7179
4688
1911
1004120
4981
4132
6322
1045
5330
94
4
1494
26
9
1004130
2101
256
6760
9424
2452
4492
4271
424
1004140
4224
1133
5957
2496
3
53
6
73
5
64
6
15
1004160
7233
2321
1264
1696
193
61
3
2666
1604
1004200
2562
328
1194
17
2266
374
46
6
314
1004210
9819
1176
3193
6358
7473
2267
2321
4964
1004220
8140
2951
3394
2831
2269
1725
5028
9640
1004230
1629
17
4
9292
121
2
1686
4416
3217
1004240
6
71
372
6
63
4283
9754
5123
7916
6663
1004250
491
4946
1666
421
1157
552
22
1259
1004260
71
4
2643
5652
4372
76
6
3446
6833
2030
1004270
5339
3
16
3206
1791
2
90
3637
1372
6239
1004280
2305
52
9
7
66
4532
301
2060
3394
2071
1004290
7516
3641
9034
2162
391
1751
762
1067
10042
2361
344
23
9
4254
3124
2246
3399
9347
1004210
3446
2549
1332
3216
5078
59
356
362
1004220
2393
7518
1551
5605
52
4
9499
912
3704
1004230
6748
4
65
3435
9
10
1120
3383
6279
76
4
1004240
3261
9561
6631
4366
6331
2346
1641
4829
1004260
1153
3223
6872
9830
53
6
1611
4472
533
1004300
6931
9354
4627
8814
7298
6334
5364
6
2
1004310
143
2529
714
699
5
74
9621
3323
3493
1004320
6652
2074
6417
3
33
6660
6049
4185
5056
1004330
5360
1561
5
63
63
5
5978
3155
144
3664
1004340
6444
99
491
4234
1
3
5
22
5613
7219
1004350
26
5
8163
2792
3179
2366
9
54
9212
2422
1004360
2
84
3963
4673
2422
3193
5341
3244
4919
1004370
4623
85
4
6654
5112
2
9525
3769
1603
1004380
7299
4363
6616
3
80
1944
1447
8388
7494
1004390
4502
2060
1327
3206
4143
2
95
1205
1562
10043
9604
6673
2819
8129
1642
1218
4988
7733
1004310
4536
2959
1499
4362
8227
13
7
1262
4350
1004320
2190
4843
7922
4663
3749
941
2158
4898
1004330
3632
523
414
3813
1201
8193
2494
4
83
1004340
8
20
4832
3914
6713
6137
4236
1221
74
9
1004360
1832
1471
6348
9813
346
4419
2188
4933
1004400
6523
1746
6173
8374
6965
4562
4173
8392
1004410
1646
4876
5669
4155
9915
1569
9
64
1445
1004420
9025
3863
4626
1624
5142
6
12
6313
1631
1004430
404
2886
29
824
4316
3
11
3010
251
1004440
25
4795
5644
2994
1197
6652
6
6
111
1004450
657
124
7
1
7726
2342
625
1326
163
1004460
1423
5497
297
1134
6632
462
2341
8246
1004470
5730
6252
6994
7140
16
1
6563
5544
1338
1004480
8443
3431
6772
9964
7934
8942
1427
3
29
1004490
2381
1922
1693
3761
4344
2012
2904
6920
10044
1760
4143
2324
3567
2364
8966
6633
2418
1004410
1961
3
42
204
4262
1
1
8479
1116
84
1
1004420
5343
8403
44
1
8541
362
5227
1400
6326
1004430
1862
8669
7627
9821
5522
8672
8591
267
1004440
2315
3791
9446
4422
6722
9893
35
3
3198
1004460
706
85
2901
8732
1719
8641
1412
2731
1004600
3224
2
11
457
3212
1884
322
2290
4096
1004610
2681
9854
1347
3324
2339
891
2521
6377
1004620
276
2523
2346
6279
72
4389
6412
2661
1004630
2845
1201
3114
2427
1132
5042
6260
1561
1004640
6266
8142
2
26
5174
4
44
5424
2060
2726
1004650
9822
7610
2239
1763
24
9949
3157
2919
1004660
3729
4450
4716
9212
16
5
2433
5942
3242
1004670
9322
1352
3120
3371
8433
6201
1777
5224
1004680
5488
33
6
32
1
9813
3157
2919
2629
9934
1004690
2637
3382
6484
1349
4054
276
1995
12
2
10046
186
5612
6222
9
23
2135
1693
673
9806
1004610
1477
181
235
722
2
16
7
49
8170
2
21
1004620
1168
2726
9066
1234
2
39
4583
1172
3116
1004630
6276
2693
4443
4218
2031
5
56
8227
2227
1004640
1226
1439
7173
4194
11
4
2216
5660
420
1004660
3893
1078
4063
4173
6217
9315
4144
1850
1005000
3
24
2937
9614
1981
8661
1
8862
3
20
1005010
1066
1433
416
3
16
17
2
5492
6274
8001
1005020
39
8
2363
82
6
3314
836
3437
4760
3826
1005030
4
4
28
4
3603
8
92
2515
3244
9575
6
46
1005040
81
2141
8203
6363
6373
2163
3413
9142
1005050
4232
3453
779
9942
32
2155
843
6667
1005060
444
1197
8663
5841
1124
5221
6412
1409
1005070
7933
6462
213
1586
726
7267
9231
3270
1005080
2763
4184
6612
4447
2562
4223
8522
2101
1005090
6
7
4612
7921
6315
2362
3666
6266
9491
10050
4679
1919
1404
743
6128
7170
1755
8123
1005010
2316
5762
1
42
3331
6666
4172
73
7
4413
1005020
53
1374
6202
53
6
44
7
9367
5234
1866
1005030
9808
9408
64
1227
9
54
3341
6896
6283
1005040
3827
1589
5219
6
67
2612
168
23
6287
1005060
4
60
135
1627
4462
4092
2
3
3332
3704
1005100
5357
1652
7164
4467
4935
6992
9747
7227
1005110
2626
1314
4733
272
1
40
1498
2133
2683
1005120
1321
3008
1236
2127
4325
1
22
1549
1
33
1005130
8375
3275
9
70
8643
4943
467
62
2
3811
1005140
56
6
836
4239
5328
64
2
4327
3926
6
11
1005150
5501
6713
1112
3
33
2464
2181
3193
11
6
1005160
71
4
4231
961
3755
9433
352
9313
1041
1005170
2890
41
5
5010
3327
9367
5234
1866
4175
1005180
336
753
804
2711
9402
163
1543
9642
1005190
6733
1486
42
3
3098
8121
2631
5416
8146
10051
1736
1
4
1372
8744
7078
393
411
9696
1005110
4545
9593
4745
6664
2349
4142
4396
197
1005120
4391
654
9812
14
6
2648
9
43
1
4
1284
1005130
3624
480
1153
697
6554
1672
2238
458
1005140
4236
65
4
46
6
1
83
933
4
50
3113
3361
1005160
83
6
1419
4274
2789
51
6992
423
2282
1005200
1
7
3331
6666
4364
2158
925
1353
7346
1005210
9662
2831
7388
3076
5102
40
2122
1693
1005220
6521
4829
9443
6923
2120
84
9
8235
1
65
1005230
1496
1848
6964
143
6
63
8683
3431
2625
1005240
3
67
1129
4162
1360
1413
615
7873
146
1005250
361
6338
6761
1337
23
6
3702
3232
7944
1005260
5246
2624
2350
1
33
8316
1220
6
22
2088
1005270
2202
886
1220
732
2886
6
34
8642
7670
1005280
4901
16
3
2221
3614
3325
4982
1326
5222
1005290
1018
3431
2429
2029
3569
6974
1
42
3693
10052
6459
3422
2395
8775
1304
6934
9344
3364
1005210
751
3446
5353
6676
6763
6591
4214
1137
1005220
237
8145
6014
1122
1042
3541
27
1
9334
1005230
4264
121
4930
4122
4204
4839
453
9148
1005240
3434
7654
6228
1426
4479
9191
4723
3664
1005260
7314
8427
2413
9130
3486
486
1126
4266
1005300
532
2601
4372
3566
5151
9224
1739
5822
1005310
7540
6424
8340
406
6269
3124
6846
76
1005320
142
181
6236
1918
6254
1289
1625
3364
1005330
162
3551
9643
1334
3666
5414
672
364
1005340
6266
2063
1381
8647
3314
1633
1239
6365
1005350
6023
5209
2494
4864
348
1384
9631
5721
1005360
4824
9483
1933
6773
6211
425
1262
3962
1005370
4512
1623
6436
6
91
3166
3366
4266
4436
1005380
5413
9776
964
4723
4384
1487
5923
8412
1005390
3
67
5313
44
7
8202
1932
52
6
1219
2562
10053
548
1
42
447
1932
471
4343
35
1955
1005310
2186
12
6
2372
1386
4434
5281
5279
7275
1005320
1268
6379
2645
2176
311
213
53
4645
1005330
1225
71
4
1531
1401
38
2542
1781
5224
1005340
6218
84
5
9494
4294
1339
6337
543
2
96
1005360
457
1902
7633
6331
6116
4633
55
46
1
1005400
2769
9446
2364
1969
5284
16
6
7926
4908
1005410
1731
4143
1237
7436
4632
3294
3677
1773
1005420
6911
4264
2681
9742
2204
4632
1231
6328
1005430
3356
751
1323
5664
6442
9645
6266
97
7
1005440
9116
8137
7486
304
9604
460
661
9
23
1005450
4
2
1915
1128
5120
8243
351
386
15
6
1005460
831
2351
1616
4
1
6374
446
9627
5649
1005470
1836
4209
4104
2624
8338
1163
1021
7124
1005480
1926
1032
6215
4290
332
33
38
4
6174
1005490
1442
81
5
200
6363
6104
1490
4473
3251
10054
1641
732
2886
4116
12
5
7611
2089
2202
1005410
886
1220
4832
3416
4031
2
96
191
723
1005420
2730
741
705
1161
499
5246
3352
4421
1005430
116
9514
2
4
4694
3001
6057
1288
264
1005440
446
624
70
6
687
1687
1874
1242
5621
1005460
5
3
1425
2142
1626
1432
9369
1599
111
1005500
4376
4442
3226
4265
9214
86
5
6374
296
1005510
46
2
2291
1121
552
634
2647
3066
41
1005520
3
43
1515
6476
4661
6616
749
5296
5252
1005530
42
6
3299
43
1
6587
9621
6
29
8792
7133
1005540
4866
6491
1631
4363
1487
9725
1894
5313
1005550
2723
1364
5665
41
9
9
19
1073
6546
9
57
1005560
4173
2497
57
3
94
6
4544
8247
7118
3048
1005570
2
1
55
5822
4010
7828
3311
4930
1225
1005580
7
33
6734
2
11
8163
9818
2805
1318
3611
1005590
73
2
6661
9489
869
6
68
4964
576
6
15
10055
1635
1406
1432
5369
112
2
63
1812
7178
1005510
4467
1575
232
3404
9981
4
72
2345
2642
1005520
1
18
2
98
6
44
7484
2644
3394
5115
6143
1005530
1627
3796
1466
1228
3219
51
4
46
3
3666
1005540
254
6374
3623
94
4
6369
348
1286
7
49
1005560
2032
3314
507
11
2
273
4933
4223
5094
1005600
6
56
2
6
3134
2261
1004
6811
44
1233
1005610
4111
2451
9381
2
83
526
6961
48
4
1247
1005620
6962
2163
5214
465
45
4
9784
2366
6
41
1005630
6324
1436
7693
5332
1016
9185
1536
1
29
1005640
7415
6
63
2713
3444
1264
3198
818
532
1005650
3628
1167
8
675
2828
6161
18
4651
1005660
6263
6
31
2434
2992
2458
1034
6
3
5623
1005670
4421
8561
1426
7334
6962
485
5719
5317
1005680
1666
440
30
1
6421
5329
12
6
4055
6482
1005690
4326
3617
1224
1333
4656
5834
7
11
1306
10056
39
8
4
4
7327
2
28
62
4
3833
9934
1649
1005610
6
73
4164
2377
1386
6310
6613
9823
9
40
1005620
14
3999
38
3
1210
2946
2592
23
5
1547
1005630
1432
9141
1584
1731
7651
2723
3412
3375
1005640
4133
4473
1556
4644
2164
5752
9902
4041
1005660
60
6613
479
6768
4081
1281
2005
5708
1005700
26
5
2691
6815
4853
3288
1796
3333
7612
1005710
89
1469
861
16
8
1564
1766
394
7211
1005720
6423
182
6981
1240
7149
317
4301
2928
1005730
2
64
509
366
934
7611
2265
4362
3625
1005740
1465
6467
9
62
2064
6
59
4290
136
22
8
1005750
552
2311
2
16
6848
7
6
8631
96
7
2718
1005760
1715
1148
3
6112
5341
4
5
5307
1407
1005770
6
66
1420
8
16
408
169
6301
3523
6213
1005780
4368
4386
331
6370
4922
3867
22
7
1
17
1005790
3761
35
4
1133
4124
2193
5252
6890
1
42
10057
6052
5820
3
44
2115
515
1450
2556
2604
1005710
6185
2302
1416
1092
1871
5552
125
623
1005720
5322
3326
2
33
133
7361
23
6
92
1
3232
1005730
2828
2153
4126
1122
3563
55
6659
1069
1005740
2663
2772
6291
236
7059
4374
34
6
2238
1005760
2414
49
4
1638
2952
9191
3214
647
2668
1005800
4104
52
8731
8226
2319
4144
5313
1370
1005810
1925
1152
1115
1274
3324
5983
6599
4036
1005820
1225
2839
1
6
9623
3445
7098
178
3669
1005830
9307
4326
1442
24
3398
2464
5954
7253
1005840
2694
3914
1786
3753
8619
2
14
628
5153
1005850
150
3141
6276
2653
2903
1732
4363
9161
1005860
4415
4327
1014
1690
1244
5681
2034
9016
1005870
8982
2265
1685
3102
2669
2483
3962
161
1005880
6146
3493
66
9
4891
1376
3611
46
4
1166
1005890
3643
12
4
8568
2562
5361
1531
3797
521
10058
4
81
6
86
14
1
8510
1781
542
3288
4064
1005810
2129
1726
8413
2607
3911
6840
6440
75
5
1005820
2228
2056
7296
4328
3485
1290
1391
5313
1005830
2903
178
8
16
6375
1429
8684
3497
911
1005840
1963
592
9906
1832
3543
1806
1394
9666
1005860
237
9021
8981
314
1751
1266
56
1
1332
1005900
9659
663
1144
934
1711
8828
6534
2439
1005910
4218
2720
5815
8
45
234
1661
1371
4170
1005920
2022
6746
8112
6589
5646
2417
12
727
1005930
1176
54
4
1
44
5852
7393
1416
797
3686
1005940
1607
6426
6260
1323
1172
3549
7654
2691
1005950
4391
143
2188
7302
322
6646
4232
69
6
1005960
1762
4202
1938
4381
5396
1303
1226
2413
1005970
208
289
197
2617
2290
6041
7141
7901
1005980
8481
4624
1823
8883
2234
8308
3488
1822
1005990
8283
2730
41
1083
1721
3666
9344
3412
10059
6174
3663
9899
1817
6268
1176
3912
4886
1005910
4613
6430
1028
7525
2560
3
14
874
4311
1005920
8346
3437
3268
19
4
1411
1376
7362
1686
1005930
4416
6239
1642
3163
2426
46
9
1
83
3372
1005940
7916
6663
670
1231
3
4
823
1320
9190
1005960
2668
3741
67
6
2016
4394
9745
9456
7636
1005
8364
3437
4628
6734
9224
3462
7954
1545
1005
10
7984
2837
1482
1558
3365
1381
4566
2327
1005
20
482
1682
1590
918
1416
26
2
7632
6366
1005
30
1414
4974
6652
3
90
9354
4385
3282
5211
1005
40
8028
1301
2138
854
6150
2040
4581
952
1005
50
26
3
4376
493
5419
52
9
3342
8639
4768
1005
60
367
6031
8722
2482
2976
653
7602
39
1005
70
4830
5322
4528
8120
8603
6633
1418
3221
1005
80
2995
1580
3985
7113
9167
4723
1858
2266
1005
90
4198
6139
1456
4669
9591
5721
8252
2254
1005
4667
2636
9016
1297
2
7
7226
3367
2277
1005
10
3409
3
28
2501
6011
5528
6121
2743
657
1005
20
6354
1721
1016
8021
4
44
336
4101
1140
1005
30
3212
4276
9498
2786
79
4663
9310
9269
1005
40
2082
9003
6891
9326
7731
4536
4020
8321
1005
60
3715
2437
156
8251
2424
6515
5737
1161
1005100
5059
1482
8244
7419
2060
5338
1331
3246
1005110
6241
72
2
6752
2222
6260
6
16
8
35
6502
1005120
4802
1014
9856
4662
1044
3206
9628
453
1005130
5680
6046
6413
6718
5606
6482
2
26
3445
1005140
2438
5289
9904
5108
4696
1610
7311
1044
1005150
1106
4473
1610
8919
6146
1144
4
46
5223
1005160
8206
1232
7183
4927
9933
1358
8366
2416
1005170
6416
423
9646
6634
8
88
6
8
3691
563
1005180
4111
3184
4113
7226
6105
2902
5227
3543
1005190
6033
2929
4817
4
21
9374
6654
1424
6987
10051
4
44
4311
4693
4134
234
2793
6986
272
1005110
552
348
2239
3621
6209
2346
1621
3
18
1005120
7131
8442
6305
9530
2
11
6519
5136
3143
1005130
5452
1121
6437
2362
3606
5348
6723
9224
1005140
7152
6913
9146
1973
2154
1582
5201
5252
1005160
5620
2176
1164
7633
3240
6339
143
6829
1005200
2851
6006
3297
3442
7113
6661
6143
1122
1005210
9826
6016
3686
6864
3166
4766
463
9349
1005220
4528
3633
2634
9492
94
6
2636
4
40
4220
1005230
3498
5434
3550
2200
1456
1552
5833
7439
1005240
6214
6552
6765
424
2642
729
9143
8146
1005250
646
1349
2562
640
1326
8522
3642
56
6
1005260
2696
3456
149
1328
65
3
1286
3397
4953
1005270
6
66
5237
9392
7636
3514
9991
4164
6726
1005280
1100
4469
3142
7214
9224
8639
6232
8728
1005290
7416
1468
1312
6458
5293
7219
8149
8288
10052
8362
6249
663
5735
8156
15
5
3063
1195
1005210
3443
642
2162
2396
2452
2251
1
13
4762
1005220
4402
3041
4197
4815
9376
8725
4
12
637
1005230
9726
3292
5539
4213
4456
5131
4328
2663
1005240
1636
2463
531
24
2702
9842
3670
6773
1005260
1431
452
3633
2634
1692
6473
5291
652
1005300
83
9
1280
163
19
8
2254
5294
115
3211
1005310
6596
5432
6759
9224
8769
9022
1423
9325
1005320
2664
3246
5221
3544
693
4640
1454
2048
1005330
6015
8926
1291
8073
64
4
7466
6964
7267
1005340
2551
1623
9236
1212
464
7142
1908
681
1005350
630
1143
8326
3514
4922
4416
4530
3189
1005360
3141
1063
11
7
1
44
7321
5372
246
4343
1005370
9231
829
11
3
9826
5294
3037
15
2456
1005380
4563
8763
428
4941
4641
4626
6073
1721
1005390
46
5
4
4
9557
53
4
7611
1164
3494
4363
10053
2263
1209
494
1266
3966
6476
4731
1155
1005310
211
1143
4326
7595
3249
34
5
2743
7448
1005320
64
3542
5493
2112
2852
8224
9496
552
1005330
366
7314
4762
24
2
2316
2405
3173
7832
1005340
9
43
1544
9250
16
5
3
56
661
1613
6226
1005360
5391
6372
7122
421
425
7994
4298
2265
1005400
1805
6521
253
2
65
8194
4831
8133
59
4
1005410
2415
1603
7342
2332
1370
1338
4261
32
3
1005420
1383
5310
429
6512
4175
4164
336
6663
1005430
437
5153
6043
3335
41
3
4209
2903
8455
1005440
2335
3288
7934
1643
7141
1805
942
7291
1005450
3557
6
55
16
3
2341
6085
8736
6
1
4107
1005460
6434
101
1624
5
23
6210
826
4438
1
16
1005470
5321
44
65
1
7611
2149
4773
6524
2202
1005480
9854
3638
3801
1202
9148
6222
1397
82
1
1005490
4
23
7881
1832
4271
5408
54
4
9
13
2469
10054
6539
8824
6011
145
4858
9720
1389
2227
1005410
1845
4141
7724
1691
2740
2940
7871
1181
1005420
2563
3100
2268
8663
2633
25
9
1727
6048
1005430
4842
1122
229
2179
9467
2603
28
4696
1005440
1
63
6722
5336
44
7
6
45
2896
9922
6486
1005460
13
4046
4396
6686
4083
6125
3468
2041
1005600
7192
1648
4
45
21
6103
6403
7524
4
99
1005610
7322
5212
7219
404
3366
2021
6746
782
1005620
987
7035
2040
3394
3271
6
12
612
4566
1005630
2726
4873
8403
9410
5649
425
4233
3690
1005640
7368
2357
1322
6761
5262
4408
4
26
6168
1005650
2422
6916
4485
9191
5624
879
753
6624
1005660
2847
3661
8542
210
3241
9061
1782
3793
1005670
1348
4636
90
9
8331
3041
4
25
1094
2060
1005680
9726
5330
1759
5719
6713
3832
1216
1250
1005690
9332
1198
9017
2403
4930
3603
9341
1217
10056
1553
6963
3021
1393
2039
965
7133
6266
1005610
1719
42
6
5913
3324
8080
276
5183
1184
1005620
139
9082
2324
54
3
4326
6144
2860
4921
1005630
840
6880
7232
4844
9
75
3012
2803
6459
1005640
121
3
16
2
44
3217
134
14
5
3257
1612
1005660
8302
66
6
3641
11
3
6743
7304
6132
1342
1006000
187
711
1
80
5174
4423
2197
2885
1511
1006010
1252
1631
9483
1049
2356
2594
6981
3210
1006020
5782
7356
8135
8323
361
7591
9309
3905
1006030
4231
1416
1488
835
1415
6844
9228
2
97
1006040
4371
1932
462
4240
1393
3024
3229
4126
1006050
1793
8012
1479
1771
1994
5766
5583
4471
1006060
146
413
3283
2269
9144
7232
763
4842
1006070
461
4248
3711
7192
2
20
6482
3412
41
9
1006080
6693
2590
509
642
24
4619
1040
222
1006090
4126
1048
9366
6719
4964
3583
6863
4160
10060
3163
4516
357
6301
46
7383
3906
1316
1006010
2311
1882
2641
2452
8224
7244
1152
4281
1006020
2513
6003
1626
3711
4611
2078
52
4
3942
1006030
5242
141
7798
2510
5603
6236
9297
2041
1006040
5
52
1048
921
9958
6441
4828
2201
934
1006060
3236
6156
1524
6960
3702
5916
3543
3811
1006100
8197
1433
6634
1329
5
38
2211
1832
3229
1006110
3307
6686
5748
1466
94
6
3875
2044
1114
1006120
9967
1
80
1932
2514
3021
3118
7431
2026
1006130
1674
4671
5513
4320
4541
1610
7433
8671
1006140
4234
8272
59
4974
3656
4454
6602
5509
1006150
640
866
10
2
1465
1113
6296
2541
4456
1006160
8621
8234
4824
4131
5490
3021
13
685
1006170
1133
1209
6761
6467
3627
633
370
9894
1006180
8425
9982
4048
6142
443
867
9146
5
17
1006190
1663
5949
3162
2432
1867
4036
976
6526
10061
3346
4807
1232
4
63
9383
7837
7384
11
9
1006110
1656
274
1566
371
8626
158
3716
2861
1006120
141
8482
1331
9112
1845
8671
5234
1431
1006130
940
1148
8687
26
3
1058
5380
2586
3850
1006140
3632
8889
1646
1170
15
3
1321
4904
9015
1006160
229
4
91
4114
4196
2410
2248
3144
8311
1006200
181
7162
2065
7643
3305
8131
2284
9314
1006210
5144
9283
1751
8085
4589
9063
4568
135
1006220
4325
4499
96
7306
6
4
32
6
3732
4312
1006230
4
61
6265
566
2054
3404
9327
5348
9832
1006240
7
18
1616
2357
5441
1644
6462
6392
1189
1006250
1446
3591
3646
3713
7032
6903
3610
5922
1006260
1496
6510
1321
9611
231
5881
1332
3004
1006270
9381
1753
414
9734
9065
334
2053
3131
1006280
370
5494
54
6
2233
1271
7232
2354
4302
1006290
9604
1361
9414
5332
9648
3434
4660
2412
10062
3317
6360
3
45
2449
6004
3529
9576
2212
1006210
2519
2044
3812
3304
2127
3273
9580
3059
1006220
9606
1826
3242
3268
1563
6298
4
14
69
4
1006230
7182
4122
2511
9960
1869
3938
3106
81
1006240
155
5
24
2814
2191
1844
4262
649
6487
1006260
5
17
1740
4018
5754
61
5
9340
2432
1641
1006300
5072
3222
1425
68
8
6233
1166
1261
7436
1006310
2172
2396
5623
7836
401
6454
3188
699
1006320
4661
1334
1979
9047
6340
1601
42
2
46
1006330
482
6118
1796
1442
1437
2
36
319
6477
1006340
3244
2119
996
1902
2522
4625
9353
3153
1006350
4857
135
1757
3364
1690
6444
9404
6403
1006360
4922
145
8240
1025
1641
306
31
3949
1006370
4
15
20
26
6
3983
3135
1356
4722
3611
1006380
2254
1911
6225
2672
3491
9283
3430
470
1006390
1907
3106
4449
2850
3443
3564
55
6928
10063
2993
7031
4646
61
4
437
6234
9463
6499
1006310
20
1
258
1856
5302
3583
3450
6034
1083
1006320
2466
3992
5623
1136
2492
1718
4219
6684
1006330
4
64
3
51
6185
7402
1131
6018
3889
3134
1006340
3822
4433
3
40
5
21
7445
2219
42
1
64
3
1006360
1038
1101
6240
9534
4283
8152
2653
952
1006400
1521
5222
3161
6616
5436
58
2
7
31
759
1006410
4211
1806
1681
7659
2024
752
6
11
4368
1006420
7586
1426
2165
8616
7236
1875
3611
148
1006430
1963
3229
971
443
184
1511
47
1
3917
1006440
4449
2850
1923
3523
2430
7633
8432
1329
1006450
5472
7601
1521
2724
5933
306
8035
8
3
1006460
3143
2617
7842
9061
158
673
7720
401
1006470
6454
8468
4786
7194
2644
8016
3253
6182
1006480
2172
2433
4308
2621
38
8643
2646
8544
1006490
6978
3462
3465
6276
1440
88
920
753
10064
9442
3217
8172
612
9026
8186
2371
7371
1006410
1358
341
9348
1727
5482
3027
382
2
65
1006420
1314
2841
7183
4439
184
988
246
42
4
1006430
2141
2386
3208
4428
2962
1844
268
4175
1006440
2236
3
24
6143
3301
2257
9041
7322
5418
1006460
7434
4005
11
5
2031
6713
4412
6412
8343
1006500
4946
3764
2699
758
9041
1631
6611
1006510
5184
211
3980
105
8140
4
96
126
3610
1006520
9025
5241
91
3
6940
2481
4480
8672
1812
1006530
5185
654
9114
8
32
3365
3833
4739
5952
1006540
4424
1328
2763
736
3960
2797
6420
4626
1006550
3212
6
59
3430
8693
1369
6704
3361
6116
1006560
1584
5222
5018
3624
6242
2865
2190
4562
1006570
6645
2743
601
1114
6211
4569
6133
1223
1006580
8411
701
144
6662
2711
7603
2176
28
1006590
23
2
2526
2244
1606
2214
4422
6039
6811
10065
1124
1426
9222
8680
2448
2
43
113
260
1006510
3266
29
4
18
1
324
6235
32
8122
6246
1006520
6141
4354
3474
5722
5022
9600
4626
2294
1006530
2316
799
2191
4269
3856
2111
2612
8483
1006540
6634
9342
1246
3212
7196
2211
1485
3169
1006560
1250
3316
8011
4
11
4153
1681
2924
29
1006600
8469
1499
6467
9
12
4433
1313
3201
1520
1006610
1960
8239
1056
7130
1785
2943
32
6
7301
1006620
420
5425
1248
5321
11
3
3943
164
2664
1006630
1606
1
60
1
9
6848
2744
7431
1402
7648
1006640
4735
6202
914
2432
1641
6472
6441
3536
1006650
4217
4529
8527
5802
4387
4562
2437
8842
1006660
623
3637
8326
9334
1258
8137
4733
9868
1006670
461
4264
4426
8589
1884
4959
5621
5275
1006680
541
5331
1695
1843
3212
4485
235
6616
1006690
295
3534
7314
2895
5
25
8482
721
176
10066
5790
4486
3441
3664
4698
633
1815
97
7
1006610
9162
9
9
826
7736
2211
6314
1344
1110
1006620
1651
4
71
2267
5824
2135
6986
355
8444
1006630
130
4487
253
1544
1846
2532
8329
8
32
1006640
4446
66
6
3202
1
52
2963
8312
1818
1252
1006660
2290
2873
68
2
4671
2713
1938
2311
5
59
1006700
2445
7402
7766
3419
6236
3292
4924
9928
1006710
29
9
6
78
4224
4674
1463
9656
6272
3729
1006720
163
4488
1466
1011
61
2
9144
9946
4433
1006730
4085
8758
1990
3490
5021
7251
6513
8446
1006740
2912
1166
2144
2131
3
50
60
3
4446
1429
1006750
82
4
2138
4842
5
24
5744
3930
6634
1422
1006760
3934
6482
4349
2511
4149
237
4264
2224
1006770
6341
3437
2378
4543
1073
146
5225
4249
1006780
4224
2143
7733
2216
306
156
6254
2
9
1006790
945
6847
9560
2499
5205
5223
3911
349
10067
4511
6646
7542
2302
8927
5232
441
9062
1006710
4048
2865
1912
9247
8058
1416
2815
23
1
1006720
8199
35
5932
506
7144
8401
1244
936
1006730
1743
8013
981
6144
4224
5663
3144
1101
1006740
3728
17
1773
360
1561
3399
1467
6723
1006760
2546
4549
5052
3324
2561
5617
4694
1416
1006800
2769
2630
2258
1
53
2134
51
9
3327
3410
1006810
7332
2244
3358
8326
2711
1263
2575
2945
1006820
1252
3102
1547
3877
7429
9650
1818
2266
1006830
66
83
4
1601
4326
1
33
3
3122
2130
1006840
4572
152
63
1
1433
6921
4660
3964
5142
1006850
4379
5644
1224
4288
2247
8308
3488
1822
1006860
8883
2234
8308
1428
56
6704
1425
147
1006870
1717
31
4
2369
1264
1841
4124
1116
2417
1006880
3694
4833
331
7236
2363
6466
6646
58
4
1006890
4211
6110
5223
5252
962
2123
41
7
1821
10068
2563
708
1641
6135
5436
6
48
2366
59
1006810
6
6
3244
3319
4477
6632
2768
3
36
4477
1006820
462
2216
2818
5920
486
532
1781
1553
1006830
3712
8
45
9114
1279
3526
57
1
1136
4528
1006840
2470
9221
2236
8308
9042
2
36
2195
6017
1006860
8221
43
1
4487
3299
245
1
42
621
9906
1006900
7620
4874
6130
4261
2325
8447
132
4688
1006910
4470
7320
1644
2196
1474
1317
6244
1447
1006920
9061
6209
8547
150
2978
1203
3148
2393
1006930
6818
1320
8644
1334
4171
7221
4743
3170
1006940
4640
1628
1066
4521
9106
1162
1841
4524
1006950
3116
6615
1125
3349
7447
7619
4329
5624
1006960
1822
8883
2234
8308
3488
1822
4283
16
6
1006970
1137
8856
1133
241
9123
6271
6192
4456
1006980
5637
7841
567
21
5
4459
1610
753
4644
1006990
6616
2614
8054
3534
3661
6262
2944
3446
10069
6469
2252
6483
2664
4846
3496
5864
151
1006910
8140
1334
3671
2060
6203
51
2
6010
9521
1006920
5721
2846
1391
903
1353
2937
214
1783
1006930
2297
2259
4436
6279
5144
1244
4592
9123
1006940
2277
1984
5397
9976
7212
8798
572
5391
1006960
166
1436
2641
1
10
2814
2122
3297
1884
1006
6531
6791
7391
6661
3269
1274
341
42
8
1006
10
3299
6
49
1569
2620
2366
6432
1832
9143
1006
20
6536
9621
1223
1623
7631
6442
8220
4
96
1006
30
2497
1623
2166
2396
3483
6
42
7795
2963
1006
40
9694
1
70
7164
4369
3992
3473
7948
3831
1006
50
7118
4323
1464
9623
3636
1802
7290
8427
1006
60
8213
6284
21
3
1937
23
2
3928
5637
1376
1006
70
6178
7
42
4
65
2129
7987
5728
691
1617
1006
80
436
6410
9030
8141
1222
8972
8422
1298
1006
90
6128
3508
3269
2274
3992
7313
2447
6
49
1006
1569
2620
2366
1942
7602
1289
4425
1418
1006
10
124
7631
3362
751
6219
740
3394
2
71
1006
20
3749
4
14
6325
2621
1276
5437
4371
4964
1006
30
7333
2844
1626
9648
7434
4
32
1831
6631
1006
40
46
4
5242
2434
6044
7223
6481
8149
304
1006
60
4464
487
87
1
7932
4463
1240
6634
7142
1006100
7663
5928
1239
1365
2680
3732
1221
1326
1006110
7661
2541
7432
6328
1
69
5
74
2823
5981
1006120
5301
6
57
2
6
9221
8639
7137
113
6462
1006130
4922
4339
956
4637
4962
2284
16
6
3229
1006140
3247
1223
3618
417
9134
1838
1319
2505
1006150
9671
5243
2786
1265
1715
4413
7
27
6371
1006160
8380
1254
882
431
4972
1451
4244
8
74
1006170
3791
3531
4296
6269
1331
5643
1822
8883
1006180
2234
8308
3488
1822
8883
2234
8308
3488
1006190
1822
8883
2234
8308
3488
1822
8883
2234
10061
8308
3488
1822
8883
2234
8308
3488
1822
1006110
6483
6349
9229
4725
1486
9535
827
351
1006120
145
1168
6972
9672
3071
94
2684
6326
1006130
1
1
161
7641
3244
1319
3611
3412
6872
1006140
1603
3032
6671
6142
19
4
4566
952
3143
1006160
4717
4659
1
40
2537
4871
6084
8118
4269
1006200
4310
8217
6659
9822
161
532
6708
7468
1006210
4101
6412
1351
757
4626
1626
2352
4418
1006220
6964
9647
8687
1542
5122
6216
8125
5617
1006230
6
15
2555
158
2515
7183
1333
8667
2511
1006240
1323
103
1258
7731
8444
2112
1
34
6278
1006250
2944
3741
6
6
155
4956
532
9265
9292
1006260
6722
5060
6814
2798
2
75
8565
31
9
6617
1006270
1356
2366
1406
1812
3761
7424
3691
6
63
1006280
6621
4423
5933
3222
2522
4960
1827
2128
1006290
3
62
6115
1441
6374
8
6
266
4022
3162
10062
1565
8412
1236
6379
432
3411
443
32
3
1006210
4874
1630
1
13
6850
3703
7032
7
81
4667
1006220
3496
7934
1347
4026
612
5216
1823
1444
1006230
822
1153
916
3056
3183
6617
9347
1117
1006240
1233
4170
4422
1133
3893
273
2918
1
15
1006260
2342
9629
2922
698
2474
2541
3344
911
1006300
7297
7448
9671
6833
6374
516
79
3
9752
1006310
8582
1
1
6972
9745
4193
129
54
5
21
1006320
5910
7901
60
6
8
10
1134
4115
1076
8652
1006330
3314
6044
2294
2959
1420
7145
1651
2868
1006340
21
2
3414
5872
265
2422
3372
7524
6913
1006350
44
1
9626
4156
2449
1147
703
9648
1434
1006360
6072
2641
5210
72
3
6269
2014
8
62
4846
1006370
9154
8491
288
9118
1421
3232
6
50
43
4
1006380
4577
184
7470
9
15
8546
3948
7341
6606
1006390
3322
7826
261
9927
186
5461
56
1
94
3
10063
2946
6832
6435
5982
6083
3
12
1465
2
12
1006310
7322
511
1817
2237
6206
4414
2416
1603
1006320
6493
9636
7066
627
26
9
9
18
3017
1875
1006330
6631
2218
8906
8712
3171
7246
8564
6004
1006340
641
2616
2871
1738
9601
925
8643
2844
1006360
6324
17
1440
8976
1220
6
22
2088
2202
1006400
886
1220
6
22
2088
2202
886
1220
6
22
1006410
2088
2202
886
1220
6
22
2088
2202
886
1006420
1220
6
22
2088
2202
886
1220
6
22
2088
1006430
2202
886
1220
6
22
2088
2202
886
1220
1006440
6
22
2088
2202
886
1220
6
22
2088
2202
1006450
886
1220
6
22
2088
2202
886
1220
6
22
1006460
2088
6402
1016
4473
824
7215
1086
1006470
4900
4445
444
6042
5082
1341
1404
1800
1006480
1808
4600
5160
1036
1006490
1200
7300
7465
6974
6764
2473
10064
6378
1562
365
4273
1238
1674
216
6793
1006410
3296
1116
651
2765
6530
2397
1223
4330
1006420
1432
4499
680
9584
9311
6602
2963
6404
1006430
185
9633
740
1344
9251
4965
2733
4185
1006440
63
6
1244
8013
1232
4345
3350
1339
4084
1006460
1846
3973
1919
8714
43
3
2126
6
37
3756
1006600
1438
1863
316
5946
3202
6112
8630
4896
1006610
3
23
7524
7623
1373
4
64
9036
469
9261
1006620
125
2661
61
720
315
7666
2375
2129
1006630
2296
9705
3726
3421
1498
956
6622
9313
1006640
6939
19
549
757
5575
6671
4157
9423
1006650
3463
5539
1455
36
442
5572
3764
2644
1006660
6538
767
17
7
6295
4066
6968
1144
9237
1006670
6505
1695
2756
56
6
1526
7644
1984
2481
1006680
466
6968
9
38
1376
2
90
113
3987
37
1
1006690
282
4673
6267
65
2
12
1
2436
5834
3113
10066
9481
7034
8269
657
7
2
7675
3953
1294
1006610
4411
8204
9143
3348
6272
7896
662
7245
1006620
2426
914
1362
6468
685
6574
6242
9463
1006630
1686
38
6
4341
3142
2306
9329
3013
61
1006640
8846
9802
4
12
6546
9610
1684
2862
6992
1006660
2718
1618
1649
133
1677
9276
6410
2198
1007000
4618
6610
6
2038
1432
134
3815
4323
1007010
7843
5423
1463
6645
1750
5211
2642
1517
1007020
6554
6262
4412
6360
9429
726
9617
1567
1007030
69
2048
6321
4924
9165
4437
7670
8
51
1007040
6238
6721
1373
2183
50
4
766
4621
6335
1007050
6664
4246
2486
3369
636
2
8
5181
2387
1007060
3330
1443
2259
5337
506
1132
2688
2107
1007070
4349
1416
6458
1550
5431
3333
6
33
1416
1007080
8080
4028
5232
6064
3306
1401
2514
6396
1007090
97
6
5570
8012
434
2544
7634
2990
866
10070
6634
5549
4303
2718
1114
22
4
13
2
1243
1007010
32
2641
4108
6301
1471
696
5227
2350
1007020
2985
4200
9416
8761
9308
1416
2503
2343
1007030
4299
3265
9932
8963
4507
3844
1073
1872
1007040
1136
2123
7744
4388
633
3331
4545
1572
1007060
6163
1489
1725
4334
9
96
2142
62
3
4413
1007100
1648
9533
3633
9161
1317
1266
7216
3832
1007110
4395
3
81
1287
1977
9236
2234
2942
1572
1007120
8046
4472
4620
6312
5055
1842
10
1
7338
1007130
486
9341
1829
4124
4186
4469
440
1431
1007140
4
13
6268
6593
3408
2146
94
1
4117
868
1007150
1410
350
6517
5243
9130
6569
2222
9460
1007160
9435
3372
2
44
483
1603
1541
3702
6033
1007170
249
2521
8153
12
2183
532
38
8
3234
1007180
4223
6156
8077
8
99
6036
2724
3138
4248
1007190
8120
2061
9462
4162
4443
1134
2432
6124
10071
4172
1031
6921
6
51
8314
221
3232
9629
1007110
2576
7041
3306
5
52
698
6162
41
8
3359
1007120
4013
4589
2406
9721
4224
4
60
125
4244
1007130
7133
133
89
525
4369
1755
243
421
1007140
2169
2287
8119
406
2548
8
12
632
2061
1007160
9288
5012
9341
6461
8621
2932
12
2
2650
1007200
2103
1344
7426
8713
3262
6511
4342
5472
1007210
2
12
2942
3831
3105
2209
9494
2013
4242
1007220
3033
684
3687
2501
5746
4124
1160
2
17
1007230
2861
6947
6777
4349
1442
2160
2423
3383
1007240
9106
2363
144
6445
3814
9412
4790
739
1007250
8200
3740
6228
2736
20
6
3662
9609
1513
1007260
3722
6094
4211
1051
7
32
4350
64
8
4226
1007270
3411
3854
3214
3246
4642
2299
6898
6028
1007280
9426
32
4
3503
5132
2122
853
1626
5545
1007290
5524
23
3673
4068
1282
322
66
2
604
10072
274
3
12
231
2046
9764
7053
1226
4693
1007210
6524
2046
4
60
9225
4471
1634
632
613
1007220
4633
9221
4061
8163
3685
1830
4165
3505
1007230
1620
617
7231
3012
1681
9481
27
1313
1007240
7534
5888
4424
1563
5231
8266
9639
126
1007260
1342
4115
3782
3412
8223
2893
4077
2405
1007300
9636
6910
6496
1624
8512
53
2874
6297
1007310
9446
3366
16
6449
1224
8733
1246
4247
1007320
6135
3443
4725
7439
847
1064
4143
2125
1007330
3
54
626
6136
1655
4227
98
2832
8429
1007340
16
7
62
4
16
2877
2161
6412
62
3
1169
1007350
3961
9335
319
4838
6603
7114
3215
6503
1007360
8561
6502
5544
4210
4527
5541
2241
7032
1007370
4725
4592
3422
2
67
5137
9608
706
3453
1007380
1231
6516
5320
1321
4743
137
4566
6374
1007390
6543
7436
2231
1677
1626
1972
1291
3
86
10073
8426
2283
1113
3712
1675
2233
6621
2843
1007310
320
2641
3316
5174
1876
8666
34
4531
1007320
1626
7134
3909
6337
5931
1063
5492
3542
1007330
6679
1263
3951
4168
6540
4631
4
2
1266
1007340
4150
1807
1634
9748
1533
2194
1007360
4150
1403
1014
1808
1008
6046
3651
1007400
1015
4543
1007410
4154
4923
4644
6326
6461
6669
7365
2474
1007420
6378
1562
4396
2364
1020
6785
8539
1625
1007430
6912
13
38
2
5
91
27
9
1648
2130
1763
1007440
3689
1021
1725
8426
2494
3363
49
1423
1007450
6030
3713
8203
258
5
66
3115
4164
335
1007460
710
914
6815
6384
49
5
6611
7414
9621
1007470
6
39
5139
3068
2312
6540
5071
73
4
9226
1007480
13
6
3481
1634
1282
1115
183
5126
8751
1007490
15
6
6
22
5434
8476
47
6
45
5
38
2
3183
10074
10
9
8142
2874
6224
4
38
6928
3870
7030
1007410
4944
9401
6272
6993
83
1
3556
895
6708
1007420
2424
2711
2359
2127
5453
74
3140
7186
1007430
626
7062
6299
436
6127
1648
2234
1792
1007440
8
12
1361
1634
8414
8540
6
69
1733
6131
1007460
6331
3254
5
42
1459
653
3081
3213
1759
1007500
1
53
3119
3413
3431
2863
3277
364
6072
1007510
4550
8621
2995
334
5211
486
6031
4917
1007520
521
28
2571
6161
97
8231
1386
128
1007530
5312
1681
6879
6887
1
46
2360
1965
8305
1007540
5483
100
1251
6252
1162
4272
1736
2921
1007550
1
45
13
3
343
1661
6871
4251
5618
8
5
1007560
7
11
3406
1228
5837
1366
91
1
1640
4148
1007570
7166
6
67
3421
3665
834
901
702
1043
1007580
31
6146
2612
6160
1856
3289
4217
4354
1007590
6605
166
7458
5000
1741
4908
2234
7435
10075
1001
9000
1008
5000
1141
1402
1400
1007510
1008
4600
5160
5436
3226
2702
2700
1007520
1800
1007530
6300
6369
7465
7079
5065
1141
1007540
1402
1400
1008
4600
5160
1036
1007560
1
1007600
4300
4300
6466
6966
1007610
7567
6172
6974
6466
3273
7326
6174
7574
1007620
6273
7261
5026
1141
1402
1400
1808
1007630
4600
5160
1036
1200
1007640
2700
8500
1007650
4300
6466
6966
7567
6172
6974
6466
1007660
3273
6126
6363
6265
7265
7461
7266
6326
1007670
7275
6572
7464
7824
6263
4150
1201
1014
1007680
1014
1800
6046
3651
1007690
1018
10076
1022
6643
6664
6769
7275
1007610
7461
6669
7364
2632
6266
6166
6574
2672
1007620
4150
1201
1014
1014
1800
6046
3651
1007630
101
1007640
1102
6643
1007660
6664
6769
7275
7461
6669
7364
2632
6670
1007700
7570
6370
6465
2675
4150
1201
1014
1014
1007710
1800
6046
3651
1007720
1012
1007730
113
6643
6664
6769
7275
7461
1007740
6669
7364
2632
7270
6766
6572
7373
6162
1007750
2672
4150
1201
1014
1014
1800
6046
1007760
3651
101
1007770
1174
1007780
6643
6664
6769
7275
7461
6669
7364
2632
1007790
6674
6266
6170
6564
2662
4150
1201
1014
10077
1014
1800
6046
3651
1007710
1018
1007720
11
2
6643
6664
6769
7275
1007730
7461
6669
7364
2632
6563
7564
6162
2672
1007740
4150
1201
1014
1014
1800
6046
3651
1007760
1018
1007800
1142
6643
1007810
6664
6769
7275
7461
6669
7364
2632
6674
1007820
6266
6162
2672
4150
1201
1014
1014
1800
1007830
6046
3651
1007840
1016
1007850
1218
6643
6664
6769
7275
7461
6669
1007860
7364
2632
6369
6761
7365
4226
7469
6163
1007870
7370
5026
1141
1402
1400
1800
1808
4600
1007880
5160
3236
1982
157
1100
1200
1007890
5500
1002
10078
6200
7961
7566
2374
6163
6863
5065
1141
1007810
1402
1400
1800
1808
4600
5160
2336
8117
1007820
321
1011
4800
1073
1100
1007830
400
1002
6300
6466
6574
1007840
7464
7824
6263
4150
1201
1014
1014
1800
1007860
1008
6046
3651
2646
4602
1064
1214
1007900
1002
1007910
1480
6163
6964
6566
7473
7224
6664
1007920
4150
1201
1014
1014
1808
1008
6046
3651
1007930
24
1
3245
1401
4822
1007940
1594
7473
1007950
6279
7365
7824
6263
4150
1201
1014
1014
1007960
1800
6046
3651
1696
1323
1493
1007970
1493
1008
1007980
2337
6563
6174
7824
6263
4150
1007990
1201
1014
1014
1800
6046
3651
4694
10079
2434
4513
4513
1018
1007910
2890
6854
6375
1007920
6462
6961
7362
7426
7568
6263
6164
6269
1007930
7024
6764
4150
1201
1014
1014
1808
1008
1007940
6046
3651
1634
9748
1533
2194
1007960
1002
6479
1007
6573
7474
6469
7367
7824
6263
4150
1007
10
1201
1014
1014
1808
1008
6046
3651
3449
1007
20
3522
1174
1890
1015
1007
30
7360
4543
4154
1007
40
4923
4644
6326
6461
6669
7365
2474
6378
1007
50
5062
1541
1006
1200
1200
1004
1007
60
700
1075
1007
67
